0 0
0.000533703 0.000533634
0.00106741 0.00106713
0.00160111 0.00160049
0.00213481 0.00213371
0.00266851 0.00266679
0.00320222 0.00319974
0.00373592 0.00373254
0.00426962 0.00426521
0.00480332 0.00479774
0.00533703 0.00533013
0.00587073 0.00586239
0.00640443 0.0063945
0.00693813 0.00692648
0.00747184 0.00745832
0.00800554 0.00799002
0.00853924 0.00852159
0.00907294 0.00905301
0.00960665 0.0095843
0.0101403 0.0101154
0.0106741 0.0106465
0.0112078 0.0111773
0.0117415 0.0117081
0.0122752 0.0122387
0.0128089 0.0127691
0.0133426 0.0132994
0.0138763 0.0138296
0.01441 0.0143596
0.0149437 0.0148895
0.0154774 0.0154193
0.0160111 0.0159489
0.0165448 0.0164784
0.0170785 0.0170078
0.0176122 0.017537
0.0181459 0.018066
0.0186796 0.018595
0.0192133 0.0191238
0.019747 0.0196524
0.0202807 0.0201809
0.0208144 0.0207093
0.0213481 0.0212375
0.0218818 0.0217656
0.0224155 0.0222936
0.0229492 0.0228214
0.0234829 0.0233491
0.0240166 0.0238766
0.0245503 0.024404
0.025084 0.0249313
0.0256177 0.0254584
0.0261514 0.0259853
0.0266851 0.0265122
0.0272188 0.0270389
0.0277525 0.0275654
0.0282862 0.0280919
0.0288199 0.0286181
0.0293536 0.0291443
0.0298873 0.0296703
0.030421 0.0301962
0.0309547 0.0307219
0.0314885 0.0312475
0.0320222 0.0317729
0.0325559 0.0322982
0.0330896 0.0328234
0.0336233 0.0333484
0.034157 0.0338733
0.0346907 0.034398
0.0352244 0.0349226
0.0357581 0.0354471
0.0362918 0.0359714
0.0368255 0.0364956
0.0373592 0.0370196
0.0378929 0.0375435
0.0384266 0.0380673
0.0389603 0.0385909
0.039494 0.0391144
0.0400277 0.0396377
0.0405614 0.0401609
0.0410951 0.040684
0.0416288 0.0412069
0.0421625 0.0417297
0.0426962 0.0422523
0.0432299 0.0427748
0.0437636 0.0432972
0.0442973 0.0438194
0.044831 0.0443415
0.0453647 0.0448634
0.0458984 0.0453852
0.0464321 0.0459068
0.0469658 0.0464284
0.0474995 0.0469497
0.0480332 0.047471
0.0485669 0.047992
0.0491006 0.048513
0.0496343 0.0490338
0.050168 0.0495545
0.0507017 0.050075
0.0512354 0.0505954
0.0517691 0.0511156
0.0523029 0.0516357
0.0528366 0.0521557
0.0533703 0.0526755
0.053904 0.0531952
0.0544377 0.0537147
0.0549714 0.0542341
0.0555051 0.0547534
0.0560388 0.0552725
0.0565725 0.0557915
0.0571062 0.0563103
0.0576399 0.056829
0.0581736 0.0573476
0.0587073 0.057866
0.059241 0.0583842
0.0597747 0.0589024
0.0603084 0.0594203
0.0608421 0.0599382
0.0613758 0.0604559
0.0619095 0.0609734
0.0624432 0.0614909
0.0629769 0.0620081
0.0635106 0.0625253
0.0640443 0.0630423
0.064578 0.0635591
0.0651117 0.0640758
0.0656454 0.0645924
0.0661791 0.0651088
0.0667128 0.0656251
0.0672465 0.0661413
0.0677802 0.0666573
0.0683139 0.0671731
0.0688476 0.0676888
0.0693813 0.0682044
0.069915 0.0687198
0.0704487 0.0692351
0.0709824 0.0697503
0.0715161 0.0702653
0.0720498 0.0707802
0.0725835 0.0712949
0.0731172 0.0718095
0.073651 0.0723239
0.0741847 0.0728382
0.0747184 0.0733524
0.0752521 0.0738664
0.0757858 0.0743802
0.0763195 0.074894
0.0768532 0.0754076
0.0773869 0.075921
0.0779206 0.0764343
0.0784543 0.0769475
0.078988 0.0774605
0.0795217 0.0779734
0.0800554 0.0784861
0.0805891 0.0789987
0.0811228 0.0795111
0.0816565 0.0800234
0.0821902 0.0805356
0.0827239 0.0810476
0.0832576 0.0815595
0.0837913 0.0820712
0.084325 0.0825828
0.0848587 0.0830943
0.0853924 0.0836056
0.0859261 0.0841168
0.0864598 0.0846278
0.0869935 0.0851387
0.0875272 0.0856494
0.0880609 0.08616
0.0885946 0.0866705
0.0891283 0.0871808
0.089662 0.0876909
0.0901957 0.088201
0.0907294 0.0887108
0.0912631 0.0892206
0.0917968 0.0897302
0.0923305 0.0902396
0.0928642 0.0907489
0.0933979 0.0912581
0.0939316 0.0917671
0.0944654 0.092276
0.0949991 0.0927847
0.0955328 0.0932933
0.0960665 0.0938018
0.0966002 0.0943101
0.0971339 0.0948183
0.0976676 0.0953263
0.0982013 0.0958342
0.098735 0.0963419
0.0992687 0.0968495
0.0998024 0.097357
0.100336 0.0978643
0.10087 0.0983714
0.101403 0.0988785
0.101937 0.0993853
0.102471 0.0998921
0.103005 0.100399
0.103538 0.100905
0.104072 0.101411
0.104606 0.101918
0.105139 0.102424
0.105673 0.102929
0.106207 0.103435
0.106741 0.103941
0.107274 0.104446
0.107808 0.104952
0.108342 0.105457
0.108875 0.105962
0.109409 0.106467
0.109943 0.106971
0.110476 0.107476
0.11101 0.10798
0.111544 0.108485
0.112078 0.108989
0.112611 0.109493
0.113145 0.109997
0.113679 0.1105
0.114212 0.111004
0.114746 0.111507
0.11528 0.112011
0.115813 0.112514
0.116347 0.113017
0.116881 0.11352
0.117415 0.114022
0.117948 0.114525
0.118482 0.115027
0.119016 0.11553
0.119549 0.116032
0.120083 0.116534
0.120617 0.117036
0.12115 0.117537
0.121684 0.118039
0.122218 0.11854
0.122752 0.119042
0.123285 0.119543
0.123819 0.120044
0.124353 0.120545
0.124886 0.121045
0.12542 0.121546
0.125954 0.122046
0.126488 0.122547
0.127021 0.123047
0.127555 0.123547
0.128089 0.124047
0.128622 0.124546
0.129156 0.125046
0.12969 0.125545
0.130223 0.126045
0.130757 0.126544
0.131291 0.127043
0.131825 0.127542
0.132358 0.12804
0.132892 0.128539
0.133426 0.129037
0.133959 0.129535
0.134493 0.130034
0.135027 0.130532
0.13556 0.131029
0.136094 0.131527
0.136628 0.132025
0.137162 0.132522
0.137695 0.133019
0.138229 0.133516
0.138763 0.134013
0.139296 0.13451
0.13983 0.135007
0.140364 0.135503
0.140897 0.136
0.141431 0.136496
0.141965 0.136992
0.142499 0.137488
0.143032 0.137984
0.143566 0.13848
0.1441 0.138975
0.144633 0.13947
0.145167 0.139966
0.145701 0.140461
0.146234 0.140956
0.146768 0.141451
0.147302 0.141945
0.147836 0.14244
0.148369 0.142934
0.148903 0.143428
0.149437 0.143922
0.14997 0.144416
0.150504 0.14491
0.151038 0.145404
0.151572 0.145897
0.152105 0.146391
0.152639 0.146884
0.153173 0.147377
0.153706 0.14787
0.15424 0.148363
0.154774 0.148855
0.155307 0.149348
0.155841 0.14984
0.156375 0.150332
0.156909 0.150824
0.157442 0.151316
0.157976 0.151808
0.15851 0.1523
0.159043 0.152791
0.159577 0.153282
0.160111 0.153774
0.160644 0.154265
0.161178 0.154756
0.161712 0.155246
0.162246 0.155737
0.162779 0.156227
0.163313 0.156718
0.163847 0.157208
0.16438 0.157698
0.164914 0.158188
0.165448 0.158678
0.165981 0.159167
0.166515 0.159657
0.167049 0.160146
0.167583 0.160635
0.168116 0.161124
0.16865 0.161613
0.169184 0.162102
0.169717 0.16259
0.170251 0.163079
0.170785 0.163567
0.171319 0.164055
0.171852 0.164543
0.172386 0.165031
0.17292 0.165519
0.173453 0.166007
0.173987 0.166494
0.174521 0.166981
0.175054 0.167468
0.175588 0.167955
0.176122 0.168442
0.176656 0.168929
0.177189 0.169416
0.177723 0.169902
0.178257 0.170388
0.17879 0.170874
0.179324 0.17136
0.179858 0.171846
0.180391 0.172332
0.180925 0.172818
0.181459 0.173303
0.181993 0.173788
0.182526 0.174273
0.18306 0.174758
0.183594 0.175243
0.184127 0.175728
0.184661 0.176212
0.185195 0.176697
0.185728 0.177181
0.186262 0.177665
0.186796 0.178149
0.18733 0.178633
0.187863 0.179117
0.188397 0.1796
0.188931 0.180084
0.189464 0.180567
0.189998 0.18105
0.190532 0.181533
0.191066 0.182016
0.191599 0.182498
0.192133 0.182981
0.192667 0.183463
0.1932 0.183945
0.193734 0.184428
0.194268 0.18491
0.194801 0.185391
0.195335 0.185873
0.195869 0.186354
0.196403 0.186836
0.196936 0.187317
0.19747 0.187798
0.198004 0.188279
0.198537 0.18876
0.199071 0.189241
0.199605 0.189721
0.200138 0.190201
0.200672 0.190682
0.201206 0.191162
0.20174 0.191642
0.202273 0.192121
0.202807 0.192601
0.203341 0.19308
0.203874 0.19356
0.204408 0.194039
0.204942 0.194518
0.205475 0.194997
0.206009 0.195476
0.206543 0.195954
0.207077 0.196433
0.20761 0.196911
0.208144 0.197389
0.208678 0.197867
0.209211 0.198345
0.209745 0.198823
0.210279 0.199301
0.210813 0.199778
0.211346 0.200255
0.21188 0.200733
0.212414 0.20121
0.212947 0.201686
0.213481 0.202163
0.214015 0.20264
0.214548 0.203116
0.215082 0.203593
0.215616 0.204069
0.21615 0.204545
0.216683 0.205021
0.217217 0.205496
0.217751 0.205972
0.218284 0.206447
0.218818 0.206923
0.219352 0.207398
0.219885 0.207873
0.220419 0.208348
0.220953 0.208822
0.221487 0.209297
0.22202 0.209771
0.222554 0.210246
0.223088 0.21072
0.223621 0.211194
0.224155 0.211668
0.224689 0.212141
0.225222 0.212615
0.225756 0.213088
0.22629 0.213562
0.226824 0.214035
0.227357 0.214508
0.227891 0.214981
0.228425 0.215453
0.228958 0.215926
0.229492 0.216398
0.230026 0.216871
0.23056 0.217343
0.231093 0.217815
0.231627 0.218287
0.232161 0.218758
0.232694 0.21923
0.233228 0.219701
0.233762 0.220172
0.234295 0.220644
0.234829 0.221114
0.235363 0.221585
0.235897 0.222056
0.23643 0.222527
0.236964 0.222997
0.237498 0.223467
0.238031 0.223937
0.238565 0.224407
0.239099 0.224877
0.239632 0.225347
0.240166 0.225816
0.2407 0.226286
0.241234 0.226755
0.241767 0.227224
0.242301 0.227693
0.242835 0.228162
0.243368 0.22863
0.243902 0.229099
0.244436 0.229567
0.244969 0.230035
0.245503 0.230504
0.246037 0.230971
0.246571 0.231439
0.247104 0.231907
0.247638 0.232374
0.248172 0.232842
0.248705 0.233309
0.249239 0.233776
0.249773 0.234243
0.250306 0.23471
0.25084 0.235176
0.251374 0.235643
0.251908 0.236109
0.252441 0.236576
0.252975 0.237042
0.253509 0.237508
0.254042 0.237973
0.254576 0.238439
0.25511 0.238904
0.255644 0.23937
0.256177 0.239835
0.256711 0.2403
0.257245 0.240765
0.257778 0.24123
0.258312 0.241694
0.258846 0.242159
0.259379 0.242623
0.259913 0.243087
0.260447 0.243551
0.260981 0.244015
0.261514 0.244479
0.262048 0.244943
0.262582 0.245406
0.263115 0.24587
0.263649 0.246333
0.264183 0.246796
0.264716 0.247259
0.26525 0.247721
0.265784 0.248184
0.266318 0.248647
0.266851 0.249109
0.267385 0.249571
0.267919 0.250033
0.268452 0.250495
0.268986 0.250957
0.26952 0.251418
0.270053 0.25188
0.270587 0.252341
0.271121 0.252802
0.271655 0.253263
0.272188 0.253724
0.272722 0.254185
0.273256 0.254646
0.273789 0.255106
0.274323 0.255566
0.274857 0.256027
0.275391 0.256487
0.275924 0.256947
0.276458 0.257406
0.276992 0.257866
0.277525 0.258325
0.278059 0.258785
0.278593 0.259244
0.279126 0.259703
0.27966 0.260162
0.280194 0.260621
0.280728 0.261079
0.281261 0.261538
0.281795 0.261996
0.282329 0.262454
0.282862 0.262912
0.283396 0.26337
0.28393 0.263828
0.284463 0.264285
0.284997 0.264743
0.285531 0.2652
0.286065 0.265657
0.286598 0.266114
0.287132 0.266571
0.287666 0.267028
0.288199 0.267485
0.288733 0.267941
0.289267 0.268397
0.2898 0.268853
0.290334 0.269309
0.290868 0.269765
0.291402 0.270221
0.291935 0.270677
0.292469 0.271132
0.293003 0.271587
0.293536 0.272043
0.29407 0.272498
0.294604 0.272953
0.295138 0.273407
0.295671 0.273862
0.296205 0.274316
0.296739 0.274771
0.297272 0.275225
0.297806 0.275679
0.29834 0.276133
0.298873 0.276586
0.299407 0.27704
0.299941 0.277493
0.300475 0.277947
0.301008 0.2784
0.301542 0.278853
0.302076 0.279306
0.302609 0.279759
0.303143 0.280211
0.303677 0.280664
0.30421 0.281116
0.304744 0.281568
0.305278 0.28202
0.305812 0.282472
0.306345 0.282924
0.306879 0.283375
0.307413 0.283827
0.307946 0.284278
0.30848 0.284729
0.309014 0.28518
0.309547 0.285631
0.310081 0.286082
0.310615 0.286533
0.311149 0.286983
0.311682 0.287433
0.312216 0.287884
0.31275 0.288334
0.313283 0.288784
0.313817 0.289233
0.314351 0.289683
0.314885 0.290132
0.315418 0.290582
0.315952 0.291031
0.316486 0.29148
0.317019 0.291929
0.317553 0.292378
0.318087 0.292826
0.31862 0.293275
0.319154 0.293723
0.319688 0.294171
0.320222 0.294619
0.320755 0.295067
0.321289 0.295515
0.321823 0.295962
0.322356 0.29641
0.32289 0.296857
0.323424 0.297305
0.323957 0.297752
0.324491 0.298198
0.325025 0.298645
0.325559 0.299092
0.326092 0.299538
0.326626 0.299985
0.32716 0.300431
0.327693 0.300877
0.328227 0.301323
0.328761 0.301769
0.329294 0.302214
0.329828 0.30266
0.330362 0.303105
0.330896 0.30355
0.331429 0.303995
0.331963 0.30444
0.332497 0.304885
0.33303 0.30533
0.333564 0.305774
0.334098 0.306219
0.334632 0.306663
0.335165 0.307107
0.335699 0.307551
0.336233 0.307995
0.336766 0.308438
0.3373 0.308882
0.337834 0.309325
0.338367 0.309768
0.338901 0.310212
0.339435 0.310654
0.339969 0.311097
0.340502 0.31154
0.341036 0.311983
0.34157 0.312425
0.342103 0.312867
0.342637 0.313309
0.343171 0.313751
0.343704 0.314193
0.344238 0.314635
0.344772 0.315076
0.345306 0.315518
0.345839 0.315959
0.346373 0.3164
0.346907 0.316841
0.34744 0.317282
0.347974 0.317723
0.348508 0.318163
0.349041 0.318603
0.349575 0.319044
0.350109 0.319484
0.350643 0.319924
0.351176 0.320364
0.35171 0.320803
0.352244 0.321243
0.352777 0.321682
0.353311 0.322122
0.353845 0.322561
0.354378 0.323
0.354912 0.323439
0.355446 0.323877
0.35598 0.324316
0.356513 0.324754
0.357047 0.325193
0.357581 0.325631
0.358114 0.326069
0.358648 0.326507
0.359182 0.326945
0.359716 0.327382
0.360249 0.32782
0.360783 0.328257
0.361317 0.328694
0.36185 0.329131
0.362384 0.329568
0.362918 0.330005
0.363451 0.330441
0.363985 0.330878
0.364519 0.331314
0.365053 0.33175
0.365586 0.332187
0.36612 0.332622
0.366654 0.333058
0.367187 0.333494
0.367721 0.333929
0.368255 0.334365
0.368788 0.3348
0.369322 0.335235
0.369856 0.33567
0.37039 0.336105
0.370923 0.336539
0.371457 0.336974
0.371991 0.337408
0.372524 0.337843
0.373058 0.338277
0.373592 0.338711
0.374125 0.339144
0.374659 0.339578
0.375193 0.340012
0.375727 0.340445
0.37626 0.340878
0.376794 0.341312
0.377328 0.341744
0.377861 0.342177
0.378395 0.34261
0.378929 0.343043
0.379463 0.343475
0.379996 0.343907
0.38053 0.344339
0.381064 0.344771
0.381597 0.345203
0.382131 0.345635
0.382665 0.346067
0.383198 0.346498
0.383732 0.346929
0.384266 0.347361
0.3848 0.347792
0.385333 0.348223
0.385867 0.348653
0.386401 0.349084
0.386934 0.349514
0.387468 0.349945
0.388002 0.350375
0.388535 0.350805
0.389069 0.351235
0.389603 0.351665
0.390137 0.352094
0.39067 0.352524
0.391204 0.352953
0.391738 0.353382
0.392271 0.353812
0.392805 0.354241
0.393339 0.354669
0.393872 0.355098
0.394406 0.355527
0.39494 0.355955
0.395474 0.356383
0.396007 0.356811
0.396541 0.357239
0.397075 0.357667
0.397608 0.358095
0.398142 0.358522
0.398676 0.35895
0.39921 0.359377
0.399743 0.359804
0.400277 0.360231
0.400811 0.360658
0.401344 0.361085
0.401878 0.361512
0.402412 0.361938
0.402945 0.362364
0.403479 0.362791
0.404013 0.363217
0.404547 0.363642
0.40508 0.364068
0.405614 0.364494
0.406148 0.364919
0.406681 0.365345
0.407215 0.36577
0.407749 0.366195
0.408282 0.36662
0.408816 0.367045
0.40935 0.367469
0.409884 0.367894
0.410417 0.368318
0.410951 0.368743
0.411485 0.369167
0.412018 0.369591
0.412552 0.370015
0.413086 0.370438
0.413619 0.370862
0.414153 0.371285
0.414687 0.371709
0.415221 0.372132
0.415754 0.372555
0.416288 0.372978
0.416822 0.3734
0.417355 0.373823
0.417889 0.374245
0.418423 0.374668
0.418957 0.37509
0.41949 0.375512
0.420024 0.375934
0.420558 0.376356
0.421091 0.376777
0.421625 0.377199
0.422159 0.37762
0.422692 0.378042
0.423226 0.378463
0.42376 0.378884
0.424294 0.379304
0.424827 0.379725
0.425361 0.380146
0.425895 0.380566
0.426428 0.380986
0.426962 0.381406
0.427496 0.381826
0.428029 0.382246
0.428563 0.382666
0.429097 0.383086
0.429631 0.383505
0.430164 0.383924
0.430698 0.384344
0.431232 0.384763
0.431765 0.385182
0.432299 0.3856
0.432833 0.386019
0.433366 0.386438
0.4339 0.386856
0.434434 0.387274
0.434968 0.387692
0.435501 0.38811
0.436035 0.388528
0.436569 0.388946
0.437102 0.389363
0.437636 0.389781
0.43817 0.390198
0.438703 0.390615
0.439237 0.391032
0.439771 0.391449
0.440305 0.391866
0.440838 0.392282
0.441372 0.392699
0.441906 0.393115
0.442439 0.393531
0.442973 0.393947
0.443507 0.394363
0.444041 0.394779
0.444574 0.395195
0.445108 0.39561
0.445642 0.396025
0.446175 0.396441
0.446709 0.396856
0.447243 0.397271
0.447776 0.397686
0.44831 0.3981
0.448844 0.398515
0.449378 0.398929
0.449911 0.399344
0.450445 0.399758
0.450979 0.400172
0.451512 0.400586
0.452046 0.400999
0.45258 0.401413
0.453113 0.401826
0.453647 0.40224
0.454181 0.402653
0.454715 0.403066
0.455248 0.403479
0.455782 0.403892
0.456316 0.404305
0.456849 0.404717
0.457383 0.405129
0.457917 0.405542
0.45845 0.405954
0.458984 0.406366
0.459518 0.406778
0.460052 0.407189
0.460585 0.407601
0.461119 0.408012
0.461653 0.408424
0.462186 0.408835
0.46272 0.409246
0.463254 0.409657
0.463788 0.410068
0.464321 0.410478
0.464855 0.410889
0.465389 0.411299
0.465922 0.411709
0.466456 0.41212
0.46699 0.41253
0.467523 0.412939
0.468057 0.413349
0.468591 0.413759
0.469125 0.414168
0.469658 0.414577
0.470192 0.414987
0.470726 0.415396
0.471259 0.415805
0.471793 0.416213
0.472327 0.416622
0.47286 0.41703
0.473394 0.417439
0.473928 0.417847
0.474462 0.418255
0.474995 0.418663
0.475529 0.419071
0.476063 0.419479
0.476596 0.419886
0.47713 0.420294
0.477664 0.420701
0.478197 0.421108
0.478731 0.421515
0.479265 0.421922
0.479799 0.422329
0.480332 0.422735
0.480866 0.423142
0.4814 0.423548
0.481933 0.423955
0.482467 0.424361
0.483001 0.424767
0.483535 0.425172
0.484068 0.425578
0.484602 0.425984
0.485136 0.426389
0.485669 0.426794
0.486203 0.4272
0.486737 0.427605
0.48727 0.428009
0.487804 0.428414
0.488338 0.428819
0.488872 0.429223
0.489405 0.429628
0.489939 0.430032
0.490473 0.430436
0.491006 0.43084
0.49154 0.431244
0.492074 0.431648
0.492607 0.432051
0.493141 0.432455
0.493675 0.432858
0.494209 0.433261
0.494742 0.433664
0.495276 0.434067
0.49581 0.43447
0.496343 0.434872
0.496877 0.435275
0.497411 0.435677
0.497944 0.43608
0.498478 0.436482
0.499012 0.436884
0.499546 0.437285
0.500079 0.437687
0.500613 0.438089
0.501147 0.43849
0.50168 0.438892
0.502214 0.439293
0.502748 0.439694
0.503282 0.440095
0.503815 0.440496
0.504349 0.440896
0.504883 0.441297
0.505416 0.441697
0.50595 0.442097
0.506484 0.442498
0.507017 0.442898
0.507551 0.443297
0.508085 0.443697
0.508619 0.444097
0.509152 0.444496
0.509686 0.444896
0.51022 0.445295
0.510753 0.445694
0.511287 0.446093
0.511821 0.446492
0.512354 0.44689
0.512888 0.447289
0.513422 0.447687
0.513956 0.448086
0.514489 0.448484
0.515023 0.448882
0.515557 0.44928
0.51609 0.449677
0.516624 0.450075
0.517158 0.450473
0.517691 0.45087
0.518225 0.451267
0.518759 0.451664
0.519293 0.452061
0.519826 0.452458
0.52036 0.452855
0.520894 0.453252
0.521427 0.453648
0.521961 0.454044
0.522495 0.454441
0.523029 0.454837
0.523562 0.455233
0.524096 0.455628
0.52463 0.456024
0.525163 0.45642
0.525697 0.456815
0.526231 0.45721
0.526764 0.457605
0.527298 0.458
0.527832 0.458395
0.528366 0.45879
0.528899 0.459185
0.529433 0.459579
0.529967 0.459974
0.5305 0.460368
0.531034 0.460762
0.531568 0.461156
0.532101 0.46155
0.532635 0.461944
0.533169 0.462337
0.533703 0.462731
0.534236 0.463124
0.53477 0.463517
0.535304 0.46391
0.535837 0.464303
0.536371 0.464696
0.536905 0.465089
0.537438 0.465481
0.537972 0.465874
0.538506 0.466266
0.53904 0.466658
0.539573 0.46705
0.540107 0.467442
0.540641 0.467834
0.541174 0.468226
0.541708 0.468617
0.542242 0.469009
0.542775 0.4694
0.543309 0.469791
0.543843 0.470182
0.544377 0.470573
0.54491 0.470964
0.545444 0.471354
0.545978 0.471745
0.546511 0.472135
0.547045 0.472525
0.547579 0.472915
0.548113 0.473305
0.548646 0.473695
0.54918 0.474085
0.549714 0.474475
0.550247 0.474864
0.550781 0.475253
0.551315 0.475643
0.551848 0.476032
0.552382 0.476421
0.552916 0.476809
0.55345 0.477198
0.553983 0.477587
0.554517 0.477975
0.555051 0.478363
0.555584 0.478752
0.556118 0.47914
0.556652 0.479528
0.557185 0.479915
0.557719 0.480303
0.558253 0.480691
0.558787 0.481078
0.55932 0.481465
0.559854 0.481852
0.560388 0.482239
0.560921 0.482626
0.561455 0.483013
0.561989 0.4834
0.562522 0.483786
0.563056 0.484173
0.56359 0.484559
0.564124 0.484945
0.564657 0.485331
0.565191 0.485717
0.565725 0.486103
0.566258 0.486488
0.566792 0.486874
0.567326 0.487259
0.56786 0.487644
0.568393 0.48803
0.568927 0.488415
0.569461 0.488799
0.569994 0.489184
0.570528 0.489569
0.571062 0.489953
0.571595 0.490338
0.572129 0.490722
0.572663 0.491106
0.573197 0.49149
0.57373 0.491874
0.574264 0.492257
0.574798 0.492641
0.575331 0.493025
0.575865 0.493408
0.576399 0.493791
0.576932 0.494174
0.577466 0.494557
0.578 0.49494
0.578534 0.495323
0.579067 0.495705
0.579601 0.496088
0.580135 0.49647
0.580668 0.496852
0.581202 0.497234
0.581736 0.497616
0.582269 0.497998
0.582803 0.49838
0.583337 0.498761
0.583871 0.499143
0.584404 0.499524
0.584938 0.499905
0.585472 0.500286
0.586005 0.500667
0.586539 0.501048
0.587073 0.501429
0.587607 0.501809
0.58814 0.50219
0.588674 0.50257
0.589208 0.50295
0.589741 0.50333
0.590275 0.50371
0.590809 0.50409
0.591342 0.50447
0.591876 0.504849
0.59241 0.505229
0.592944 0.505608
0.593477 0.505987
0.594011 0.506366
0.594545 0.506745
0.595078 0.507124
0.595612 0.507503
0.596146 0.507881
0.596679 0.50826
0.597213 0.508638
0.597747 0.509016
0.598281 0.509394
0.598814 0.509772
0.599348 0.51015
0.599882 0.510528
0.600415 0.510905
0.600949 0.511283
0.601483 0.51166
0.602016 0.512037
0.60255 0.512414
0.603084 0.512791
0.603618 0.513168
0.604151 0.513545
0.604685 0.513921
0.605219 0.514298
0.605752 0.514674
0.606286 0.51505
0.60682 0.515426
0.607354 0.515802
0.607887 0.516178
0.608421 0.516554
0.608955 0.516929
0.609488 0.517305
0.610022 0.51768
0.610556 0.518055
0.611089 0.51843
0.611623 0.518805
0.612157 0.51918
0.612691 0.519555
0.613224 0.519929
0.613758 0.520304
0.614292 0.520678
0.614825 0.521052
0.615359 0.521426
0.615893 0.5218
0.616426 0.522174
0.61696 0.522548
0.617494 0.522921
0.618028 0.523295
0.618561 0.523668
0.619095 0.524041
0.619629 0.524414
0.620162 0.524787
0.620696 0.52516
0.62123 0.525533
0.621763 0.525905
0.622297 0.526278
0.622831 0.52665
0.623365 0.527022
0.623898 0.527395
0.624432 0.527767
0.624966 0.528138
0.625499 0.52851
0.626033 0.528882
0.626567 0.529253
0.6271 0.529625
0.627634 0.529996
0.628168 0.530367
0.628702 0.530738
0.629235 0.531109
0.629769 0.53148
0.630303 0.53185
0.630836 0.532221
0.63137 0.532591
0.631904 0.532961
0.632438 0.533331
0.632971 0.533701
0.633505 0.534071
0.634039 0.534441
0.634572 0.534811
0.635106 0.53518
0.63564 0.53555
0.636173 0.535919
0.636707 0.536288
0.637241 0.536657
0.637775 0.537026
0.638308 0.537395
0.638842 0.537764
0.639376 0.538132
0.639909 0.538501
0.640443 0.538869
0.640977 0.539237
0.64151 0.539605
0.642044 0.539973
0.642578 0.540341
0.643112 0.540709
0.643645 0.541076
0.644179 0.541444
0.644713 0.541811
0.645246 0.542178
0.64578 0.542545
0.646314 0.542912
0.646847 0.543279
0.647381 0.543646
0.647915 0.544012
0.648449 0.544379
0.648982 0.544745
0.649516 0.545111
0.65005 0.545478
0.650583 0.545844
0.651117 0.546209
0.651651 0.546575
0.652185 0.546941
0.652718 0.547306
0.653252 0.547672
0.653786 0.548037
0.654319 0.548402
0.654853 0.548767
0.655387 0.549132
0.65592 0.549497
0.656454 0.549862
0.656988 0.550226
0.657522 0.550591
0.658055 0.550955
0.658589 0.551319
0.659123 0.551683
0.659656 0.552047
0.66019 0.552411
0.660724 0.552775
0.661257 0.553138
0.661791 0.553502
0.662325 0.553865
0.662859 0.554228
0.663392 0.554591
0.663926 0.554954
0.66446 0.555317
0.664993 0.55568
0.665527 0.556043
0.666061 0.556405
0.666594 0.556768
0.667128 0.55713
0.667662 0.557492
0.668196 0.557854
0.668729 0.558216
0.669263 0.558578
0.669797 0.558939
0.67033 0.559301
0.670864 0.559662
0.671398 0.560024
0.671932 0.560385
0.672465 0.560746
0.672999 0.561107
0.673533 0.561468
0.674066 0.561829
0.6746 0.562189
0.675134 0.56255
0.675667 0.56291
0.676201 0.56327
0.676735 0.56363
0.677269 0.56399
0.677802 0.56435
0.678336 0.56471
0.67887 0.56507
0.679403 0.565429
0.679937 0.565789
0.680471 0.566148
0.681004 0.566507
0.681538 0.566866
0.682072 0.567225
0.682606 0.567584
0.683139 0.567943
0.683673 0.568301
0.684207 0.56866
0.68474 0.569018
0.685274 0.569376
0.685808 0.569734
0.686341 0.570092
0.686875 0.57045
0.687409 0.570808
0.687943 0.571166
0.688476 0.571523
0.68901 0.57188
0.689544 0.572238
0.690077 0.572595
0.690611 0.572952
0.691145 0.573309
0.691679 0.573666
0.692212 0.574022
0.692746 0.574379
0.69328 0.574735
0.693813 0.575092
0.694347 0.575448
0.694881 0.575804
0.695414 0.57616
0.695948 0.576516
0.696482 0.576872
0.697016 0.577227
0.697549 0.577583
0.698083 0.577938
0.698617 0.578294
0.69915 0.578649
0.699684 0.579004
0.700218 0.579359
0.700751 0.579714
0.701285 0.580068
0.701819 0.580423
0.702353 0.580777
0.702886 0.581132
0.70342 0.581486
0.703954 0.58184
0.704487 0.582194
0.705021 0.582548
0.705555 0.582902
0.706088 0.583255
0.706622 0.583609
0.707156 0.583962
0.70769 0.584316
0.708223 0.584669
0.708757 0.585022
0.709291 0.585375
0.709824 0.585728
0.710358 0.58608
0.710892 0.586433
0.711426 0.586785
0.711959 0.587138
0.712493 0.58749
0.713027 0.587842
0.71356 0.588194
0.714094 0.588546
0.714628 0.588898
0.715161 0.589249
0.715695 0.589601
0.716229 0.589952
0.716763 0.590304
0.717296 0.590655
0.71783 0.591006
0.718364 0.591357
0.718897 0.591708
0.719431 0.592059
0.719965 0.592409
0.720498 0.59276
0.721032 0.59311
0.721566 0.593461
0.7221 0.593811
0.722633 0.594161
0.723167 0.594511
0.723701 0.594861
0.724234 0.59521
0.724768 0.59556
0.725302 0.595909
0.725835 0.596259
0.726369 0.596608
0.726903 0.596957
0.727437 0.597306
0.72797 0.597655
0.728504 0.598004
0.729038 0.598352
0.729571 0.598701
0.730105 0.599049
0.730639 0.599398
0.731172 0.599746
0.731706 0.600094
0.73224 0.600442
0.732774 0.60079
0.733307 0.601138
0.733841 0.601485
0.734375 0.601833
0.734908 0.60218
0.735442 0.602528
0.735976 0.602875
0.73651 0.603222
0.737043 0.603569
0.737577 0.603916
0.738111 0.604262
0.738644 0.604609
0.739178 0.604956
0.739712 0.605302
0.740245 0.605648
0.740779 0.605994
0.741313 0.60634
0.741847 0.606686
0.74238 0.607032
0.742914 0.607378
0.743448 0.607723
0.743981 0.608069
0.744515 0.608414
0.745049 0.60876
0.745582 0.609105
0.746116 0.60945
0.74665 0.609795
0.747184 0.610139
0.747717 0.610484
0.748251 0.610829
0.748785 0.611173
0.749318 0.611517
0.749852 0.611862
0.750386 0.612206
0.750919 0.61255
0.751453 0.612894
0.751987 0.613237
0.752521 0.613581
0.753054 0.613925
0.753588 0.614268
0.754122 0.614611
0.754655 0.614955
0.755189 0.615298
0.755723 0.615641
0.756257 0.615984
0.75679 0.616326
0.757324 0.616669
0.757858 0.617012
0.758391 0.617354
0.758925 0.617696
0.759459 0.618039
0.759992 0.618381
0.760526 0.618723
0.76106 0.619064
0.761594 0.619406
0.762127 0.619748
0.762661 0.620089
0.763195 0.620431
0.763728 0.620772
0.764262 0.621113
0.764796 0.621454
0.765329 0.621795
0.765863 0.622136
0.766397 0.622477
0.766931 0.622818
0.767464 0.623158
0.767998 0.623499
0.768532 0.623839
0.769065 0.624179
0.769599 0.624519
0.770133 0.624859
0.770666 0.625199
0.7712 0.625539
0.771734 0.625878
0.772268 0.626218
0.772801 0.626557
0.773335 0.626897
0.773869 0.627236
0.774402 0.627575
0.774936 0.627914
0.77547 0.628253
0.776004 0.628591
0.776537 0.62893
0.777071 0.629268
0.777605 0.629607
0.778138 0.629945
0.778672 0.630283
0.779206 0.630621
0.779739 0.630959
0.780273 0.631297
0.780807 0.631635
0.781341 0.631973
0.781874 0.63231
0.782408 0.632648
0.782942 0.632985
0.783475 0.633322
0.784009 0.633659
0.784543 0.633996
0.785076 0.634333
0.78561 0.63467
0.786144 0.635006
0.786678 0.635343
0.787211 0.635679
0.787745 0.636016
0.788279 0.636352
0.788812 0.636688
0.789346 0.637024
0.78988 0.63736
0.790413 0.637695
0.790947 0.638031
0.791481 0.638367
0.792015 0.638702
0.792548 0.639037
0.793082 0.639373
0.793616 0.639708
0.794149 0.640043
0.794683 0.640378
0.795217 0.640712
0.795751 0.641047
0.796284 0.641382
0.796818 0.641716
0.797352 0.64205
0.797885 0.642385
0.798419 0.642719
0.798953 0.643053
0.799486 0.643387
0.80002 0.64372
0.800554 0.644054
0.801088 0.644388
0.801621 0.644721
0.802155 0.645054
0.802689 0.645388
0.803222 0.645721
0.803756 0.646054
0.80429 0.646387
0.804823 0.64672
0.805357 0.647052
0.805891 0.647385
0.806425 0.647717
0.806958 0.64805
0.807492 0.648382
0.808026 0.648714
0.808559 0.649046
0.809093 0.649378
0.809627 0.64971
0.81016 0.650042
0.810694 0.650373
0.811228 0.650705
0.811762 0.651036
0.812295 0.651367
0.812829 0.651699
0.813363 0.65203
0.813896 0.652361
0.81443 0.652692
0.814964 0.653022
0.815497 0.653353
0.816031 0.653683
0.816565 0.654014
0.817099 0.654344
0.817632 0.654674
0.818166 0.655005
0.8187 0.655334
0.819233 0.655664
0.819767 0.655994
0.820301 0.656324
0.820835 0.656653
0.821368 0.656983
0.821902 0.657312
0.822436 0.657641
0.822969 0.657971
0.823503 0.6583
0.824037 0.658629
0.82457 0.658957
0.825104 0.659286
0.825638 0.659615
0.826172 0.659943
0.826705 0.660272
0.827239 0.6606
0.827773 0.660928
0.828306 0.661256
0.82884 0.661584
0.829374 0.661912
0.829907 0.66224
0.830441 0.662567
0.830975 0.662895
0.831509 0.663222
0.832042 0.663549
0.832576 0.663877
0.83311 0.664204
0.833643 0.664531
0.834177 0.664858
0.834711 0.665184
0.835244 0.665511
0.835778 0.665838
0.836312 0.666164
0.836846 0.666491
0.837379 0.666817
0.837913 0.667143
0.838447 0.667469
0.83898 0.667795
0.839514 0.668121
0.840048 0.668446
0.840582 0.668772
0.841115 0.669098
0.841649 0.669423
0.842183 0.669748
0.842716 0.670073
0.84325 0.670399
0.843784 0.670724
0.844317 0.671048
0.844851 0.671373
0.845385 0.671698
0.845919 0.672022
0.846452 0.672347
0.846986 0.672671
0.84752 0.672995
0.848053 0.67332
0.848587 0.673644
0.849121 0.673968
0.849654 0.674291
0.850188 0.674615
0.850722 0.674939
0.851256 0.675262
0.851789 0.675586
0.852323 0.675909
0.852857 0.676232
0.85339 0.676555
0.853924 0.676878
0.854458 0.677201
0.854991 0.677524
0.855525 0.677846
0.856059 0.678169
0.856593 0.678492
0.857126 0.678814
0.85766 0.679136
0.858194 0.679458
0.858727 0.67978
0.859261 0.680102
0.859795 0.680424
0.860329 0.680746
0.860862 0.681067
0.861396 0.681389
0.86193 0.68171
0.862463 0.682032
0.862997 0.682353
0.863531 0.682674
0.864064 0.682995
0.864598 0.683316
0.865132 0.683637
0.865666 0.683957
0.866199 0.684278
0.866733 0.684598
0.867267 0.684919
0.8678 0.685239
0.868334 0.685559
0.868868 0.685879
0.869401 0.686199
0.869935 0.686519
0.870469 0.686839
0.871003 0.687158
0.871536 0.687478
0.87207 0.687797
0.872604 0.688117
0.873137 0.688436
0.873671 0.688755
0.874205 0.689074
0.874738 0.689393
0.875272 0.689712
0.875806 0.690031
0.87634 0.690349
0.876873 0.690668
0.877407 0.690986
0.877941 0.691304
0.878474 0.691623
0.879008 0.691941
0.879542 0.692259
0.880076 0.692577
0.880609 0.692894
0.881143 0.693212
0.881677 0.69353
0.88221 0.693847
0.882744 0.694165
0.883278 0.694482
0.883811 0.694799
0.884345 0.695116
0.884879 0.695433
0.885413 0.69575
0.885946 0.696067
0.88648 0.696383
0.887014 0.6967
0.887547 0.697016
0.888081 0.697333
0.888615 0.697649
0.889148 0.697965
0.889682 0.698281
0.890216 0.698597
0.89075 0.698913
0.891283 0.699229
0.891817 0.699544
0.892351 0.69986
0.892884 0.700175
0.893418 0.700491
0.893952 0.700806
0.894485 0.701121
0.895019 0.701436
0.895553 0.701751
0.896087 0.702066
0.89662 0.702381
0.897154 0.702695
0.897688 0.70301
0.898221 0.703324
0.898755 0.703638
0.899289 0.703953
0.899823 0.704267
0.900356 0.704581
0.90089 0.704895
0.901424 0.705208
0.901957 0.705522
0.902491 0.705836
0.903025 0.706149
0.903558 0.706463
0.904092 0.706776
0.904626 0.707089
0.90516 0.707402
0.905693 0.707715
0.906227 0.708028
0.906761 0.708341
0.907294 0.708654
0.907828 0.708966
0.908362 0.709279
0.908895 0.709591
0.909429 0.709904
0.909963 0.710216
0.910497 0.710528
0.91103 0.71084
0.911564 0.711152
0.912098 0.711464
0.912631 0.711775
0.913165 0.712087
0.913699 0.712398
0.914232 0.71271
0.914766 0.713021
0.9153 0.713332
0.915834 0.713643
0.916367 0.713954
0.916901 0.714265
0.917435 0.714576
0.917968 0.714887
0.918502 0.715197
0.919036 0.715508
0.919569 0.715818
0.920103 0.716128
0.920637 0.716439
0.921171 0.716749
0.921704 0.717059
0.922238 0.717369
0.922772 0.717678
0.923305 0.717988
0.923839 0.718298
0.924373 0.718607
0.924907 0.718917
0.92544 0.719226
0.925974 0.719535
0.926508 0.719844
0.927041 0.720153
0.927575 0.720462
0.928109 0.720771
0.928642 0.72108
0.929176 0.721388
0.92971 0.721697
0.930244 0.722005
0.930777 0.722314
0.931311 0.722622
0.931845 0.72293
0.932378 0.723238
0.932912 0.723546
0.933446 0.723854
0.933979 0.724161
0.934513 0.724469
0.935047 0.724776
0.935581 0.725084
0.936114 0.725391
0.936648 0.725698
0.937182 0.726006
0.937715 0.726313
0.938249 0.726619
0.938783 0.726926
0.939316 0.727233
0.93985 0.72754
0.940384 0.727846
0.940918 0.728153
0.941451 0.728459
0.941985 0.728765
0.942519 0.729071
0.943052 0.729377
0.943586 0.729683
0.94412 0.729989
0.944654 0.730295
0.945187 0.730601
0.945721 0.730906
0.946255 0.731212
0.946788 0.731517
0.947322 0.731822
0.947856 0.732127
0.948389 0.732432
0.948923 0.732737
0.949457 0.733042
0.949991 0.733347
0.950524 0.733652
0.951058 0.733956
0.951592 0.734261
0.952125 0.734565
0.952659 0.73487
0.953193 0.735174
0.953726 0.735478
0.95426 0.735782
0.954794 0.736086
0.955328 0.736389
0.955861 0.736693
0.956395 0.736997
0.956929 0.7373
0.957462 0.737604
0.957996 0.737907
0.95853 0.73821
0.959063 0.738513
0.959597 0.738816
0.960131 0.739119
0.960665 0.739422
0.961198 0.739725
0.961732 0.740028
0.962266 0.74033
0.962799 0.740633
0.963333 0.740935
0.963867 0.741237
0.964401 0.741539
0.964934 0.741841
0.965468 0.742143
0.966002 0.742445
0.966535 0.742747
0.967069 0.743049
0.967603 0.74335
0.968136 0.743652
0.96867 0.743953
0.969204 0.744254
0.969738 0.744556
0.970271 0.744857
0.970805 0.745158
0.971339 0.745459
0.971872 0.745759
0.972406 0.74606
0.97294 0.746361
0.973473 0.746661
0.974007 0.746962
0.974541 0.747262
0.975075 0.747562
0.975608 0.747862
0.976142 0.748162
0.976676 0.748462
0.977209 0.748762
0.977743 0.749062
0.978277 0.749362
0.97881 0.749661
0.979344 0.749961
0.979878 0.75026
0.980412 0.750559
0.980945 0.750859
0.981479 0.751158
0.982013 0.751457
0.982546 0.751756
0.98308 0.752054
0.983614 0.752353
0.984148 0.752652
0.984681 0.75295
0.985215 0.753249
0.985749 0.753547
0.986282 0.753845
0.986816 0.754143
0.98735 0.754441
0.987883 0.754739
0.988417 0.755037
0.988951 0.755335
0.989485 0.755633
0.990018 0.75593
0.990552 0.756228
0.991086 0.756525
0.991619 0.756822
0.992153 0.75712
0.992687 0.757417
0.99322 0.757714
0.993754 0.758011
0.994288 0.758307
0.994822 0.758604
0.995355 0.758901
0.995889 0.759197
0.996423 0.759494
0.996956 0.75979
0.99749 0.760086
0.998024 0.760383
0.998557 0.760679
0.999091 0.760975
0.999625 0.76127
1.00016 0.761566
1.00069 0.761862
1.00123 0.762158
1.00176 0.762453
1.00229 0.762748
1.00283 0.763044
1.00336 0.763339
1.00389 0.763634
1.00443 0.763929
1.00496 0.764224
1.0055 0.764519
1.00603 0.764814
1.00656 0.765108
1.0071 0.765403
1.00763 0.765697
1.00816 0.765992
1.0087 0.766286
1.00923 0.76658
1.00977 0.766874
1.0103 0.767168
1.01083 0.767462
1.01137 0.767756
1.0119 0.76805
1.01243 0.768344
1.01297 0.768637
1.0135 0.768931
1.01403 0.769224
1.01457 0.769517
1.0151 0.76981
1.01564 0.770103
1.01617 0.770396
1.0167 0.770689
1.01724 0.770982
1.01777 0.771275
1.0183 0.771567
1.01884 0.77186
1.01937 0.772152
1.01991 0.772445
1.02044 0.772737
1.02097 0.773029
1.02151 0.773321
1.02204 0.773613
1.02257 0.773905
1.02311 0.774197
1.02364 0.774489
1.02418 0.77478
1.02471 0.775072
1.02524 0.775363
1.02578 0.775654
1.02631 0.775946
1.02684 0.776237
1.02738 0.776528
1.02791 0.776819
1.02844 0.77711
1.02898 0.777401
1.02951 0.777691
1.03005 0.777982
1.03058 0.778272
1.03111 0.778563
1.03165 0.778853
1.03218 0.779143
1.03271 0.779433
1.03325 0.779723
1.03378 0.780013
1.03432 0.780303
1.03485 0.780593
1.03538 0.780883
1.03592 0.781172
1.03645 0.781462
1.03698 0.781751
1.03752 0.782041
1.03805 0.78233
1.03859 0.782619
1.03912 0.782908
1.03965 0.783197
1.04019 0.783486
1.04072 0.783775
1.04125 0.784063
1.04179 0.784352
1.04232 0.78464
1.04285 0.784929
1.04339 0.785217
1.04392 0.785505
1.04446 0.785793
1.04499 0.786081
1.04552 0.786369
1.04606 0.786657
1.04659 0.786945
1.04712 0.787233
1.04766 0.78752
1.04819 0.787808
1.04873 0.788095
1.04926 0.788383
1.04979 0.78867
1.05033 0.788957
1.05086 0.789244
1.05139 0.789531
1.05193 0.789818
1.05246 0.790105
1.053 0.790391
1.05353 0.790678
1.05406 0.790964
1.0546 0.791251
1.05513 0.791537
1.05566 0.791823
1.0562 0.79211
1.05673 0.792396
1.05726 0.792682
1.0578 0.792968
1.05833 0.793253
1.05887 0.793539
1.0594 0.793825
1.05993 0.79411
1.06047 0.794396
1.061 0.794681
1.06153 0.794966
1.06207 0.795251
1.0626 0.795537
1.06314 0.795822
1.06367 0.796106
1.0642 0.796391
1.06474 0.796676
1.06527 0.796961
1.0658 0.797245
1.06634 0.79753
1.06687 0.797814
1.06741 0.798098
1.06794 0.798382
1.06847 0.798667
1.06901 0.798951
1.06954 0.799234
1.07007 0.799518
1.07061 0.799802
1.07114 0.800086
1.07167 0.800369
1.07221 0.800653
1.07274 0.800936
1.07328 0.801219
1.07381 0.801503
1.07434 0.801786
1.07488 0.802069
1.07541 0.802352
1.07594 0.802635
1.07648 0.802917
1.07701 0.8032
1.07755 0.803483
1.07808 0.803765
1.07861 0.804048
1.07915 0.80433
1.07968 0.804612
1.08021 0.804894
1.08075 0.805176
1.08128 0.805458
1.08182 0.80574
1.08235 0.806022
1.08288 0.806304
1.08342 0.806585
1.08395 0.806867
1.08448 0.807148
1.08502 0.80743
1.08555 0.807711
1.08608 0.807992
1.08662 0.808273
1.08715 0.808554
1.08769 0.808835
1.08822 0.809116
1.08875 0.809397
1.08929 0.809678
1.08982 0.809958
1.09035 0.810239
1.09089 0.810519
1.09142 0.810799
1.09196 0.81108
1.09249 0.81136
1.09302 0.81164
1.09356 0.81192
1.09409 0.8122
1.09462 0.812479
1.09516 0.812759
1.09569 0.813039
1.09623 0.813318
1.09676 0.813598
1.09729 0.813877
1.09783 0.814156
1.09836 0.814436
1.09889 0.814715
1.09943 0.814994
1.09996 0.815273
1.10049 0.815551
1.10103 0.81583
1.10156 0.816109
1.1021 0.816387
1.10263 0.816666
1.10316 0.816944
1.1037 0.817223
1.10423 0.817501
1.10476 0.817779
1.1053 0.818057
1.10583 0.818335
1.10637 0.818613
1.1069 0.818891
1.10743 0.819168
1.10797 0.819446
1.1085 0.819724
1.10903 0.820001
1.10957 0.820278
1.1101 0.820556
1.11064 0.820833
1.11117 0.82111
1.1117 0.821387
1.11224 0.821664
1.11277 0.821941
1.1133 0.822218
1.11384 0.822494
1.11437 0.822771
1.1149 0.823047
1.11544 0.823324
1.11597 0.8236
1.11651 0.823876
1.11704 0.824153
1.11757 0.824429
1.11811 0.824705
1.11864 0.824981
1.11917 0.825256
1.11971 0.825532
1.12024 0.825808
1.12078 0.826083
1.12131 0.826359
1.12184 0.826634
1.12238 0.82691
1.12291 0.827185
1.12344 0.82746
1.12398 0.827735
1.12451 0.82801
1.12504 0.828285
1.12558 0.82856
1.12611 0.828834
1.12665 0.829109
1.12718 0.829384
1.12771 0.829658
1.12825 0.829932
1.12878 0.830207
1.12931 0.830481
1.12985 0.830755
1.13038 0.831029
1.13092 0.831303
1.13145 0.831577
1.13198 0.831851
1.13252 0.832125
1.13305 0.832398
1.13358 0.832672
1.13412 0.832945
1.13465 0.833218
1.13519 0.833492
1.13572 0.833765
1.13625 0.834038
1.13679 0.834311
1.13732 0.834584
1.13785 0.834857
1.13839 0.83513
1.13892 0.835402
1.13945 0.835675
1.13999 0.835948
1.14052 0.83622
1.14106 0.836492
1.14159 0.836765
1.14212 0.837037
1.14266 0.837309
1.14319 0.837581
1.14372 0.837853
1.14426 0.838125
1.14479 0.838397
1.14533 0.838668
1.14586 0.83894
1.14639 0.839211
1.14693 0.839483
1.14746 0.839754
1.14799 0.840025
1.14853 0.840297
1.14906 0.840568
1.1496 0.840839
1.15013 0.84111
1.15066 0.841381
1.1512 0.841651
1.15173 0.841922
1.15226 0.842193
1.1528 0.842463
1.15333 0.842734
1.15386 0.843004
1.1544 0.843274
1.15493 0.843544
1.15547 0.843814
1.156 0.844084
1.15653 0.844354
1.15707 0.844624
1.1576 0.844894
1.15813 0.845164
1.15867 0.845433
1.1592 0.845703
1.15974 0.845972
1.16027 0.846242
1.1608 0.846511
1.16134 0.84678
1.16187 0.847049
1.1624 0.847318
1.16294 0.847587
1.16347 0.847856
1.16401 0.848125
1.16454 0.848394
1.16507 0.848662
1.16561 0.848931
1.16614 0.849199
1.16667 0.849468
1.16721 0.849736
1.16774 0.850004
1.16827 0.850272
1.16881 0.85054
1.16934 0.850808
1.16988 0.851076
1.17041 0.851344
1.17094 0.851612
1.17148 0.851879
1.17201 0.852147
1.17254 0.852414
1.17308 0.852682
1.17361 0.852949
1.17415 0.853216
1.17468 0.853483
1.17521 0.85375
1.17575 0.854017
1.17628 0.854284
1.17681 0.854551
1.17735 0.854818
1.17788 0.855085
1.17842 0.855351
1.17895 0.855618
1.17948 0.855884
1.18002 0.85615
1.18055 0.856417
1.18108 0.856683
1.18162 0.856949
1.18215 0.857215
1.18268 0.857481
1.18322 0.857747
1.18375 0.858012
1.18429 0.858278
1.18482 0.858544
1.18535 0.858809
1.18589 0.859075
1.18642 0.85934
1.18695 0.859605
1.18749 0.85987
1.18802 0.860136
1.18856 0.860401
1.18909 0.860666
1.18962 0.86093
1.19016 0.861195
1.19069 0.86146
1.19122 0.861725
1.19176 0.861989
1.19229 0.862254
1.19283 0.862518
1.19336 0.862782
1.19389 0.863047
1.19443 0.863311
1.19496 0.863575
1.19549 0.863839
1.19603 0.864103
1.19656 0.864366
1.19709 0.86463
1.19763 0.864894
1.19816 0.865157
1.1987 0.865421
1.19923 0.865684
1.19976 0.865948
1.2003 0.866211
1.20083 0.866474
1.20136 0.866737
1.2019 0.867
1.20243 0.867263
1.20297 0.867526
1.2035 0.867789
1.20403 0.868052
1.20457 0.868314
1.2051 0.868577
1.20563 0.868839
1.20617 0.869102
1.2067 0.869364
1.20724 0.869626
1.20777 0.869888
1.2083 0.87015
1.20884 0.870412
1.20937 0.870674
1.2099 0.870936
1.21044 0.871198
1.21097 0.87146
1.2115 0.871721
1.21204 0.871983
1.21257 0.872244
1.21311 0.872505
1.21364 0.872767
1.21417 0.873028
1.21471 0.873289
1.21524 0.87355
1.21577 0.873811
1.21631 0.874072
1.21684 0.874333
1.21738 0.874593
1.21791 0.874854
1.21844 0.875115
1.21898 0.875375
1.21951 0.875636
1.22004 0.875896
1.22058 0.876156
1.22111 0.876416
1.22165 0.876676
1.22218 0.876936
1.22271 0.877196
1.22325 0.877456
1.22378 0.877716
1.22431 0.877976
1.22485 0.878235
1.22538 0.878495
1.22591 0.878754
1.22645 0.879014
1.22698 0.879273
1.22752 0.879532
1.22805 0.879791
1.22858 0.880051
1.22912 0.88031
1.22965 0.880568
1.23018 0.880827
1.23072 0.881086
1.23125 0.881345
1.23179 0.881603
1.23232 0.881862
1.23285 0.88212
1.23339 0.882379
1.23392 0.882637
1.23445 0.882895
1.23499 0.883153
1.23552 0.883411
1.23606 0.883669
1.23659 0.883927
1.23712 0.884185
1.23766 0.884443
1.23819 0.8847
1.23872 0.884958
1.23926 0.885216
1.23979 0.885473
1.24032 0.88573
1.24086 0.885988
1.24139 0.886245
1.24193 0.886502
1.24246 0.886759
1.24299 0.887016
1.24353 0.887273
1.24406 0.88753
1.24459 0.887786
1.24513 0.888043
1.24566 0.8883
1.2462 0.888556
1.24673 0.888813
1.24726 0.889069
1.2478 0.889325
1.24833 0.889582
1.24886 0.889838
1.2494 0.890094
1.24993 0.89035
1.25047 0.890606
1.251 0.890861
1.25153 0.891117
1.25207 0.891373
1.2526 0.891628
1.25313 0.891884
1.25367 0.892139
1.2542 0.892395
1.25473 0.89265
1.25527 0.892905
1.2558 0.89316
1.25634 0.893415
1.25687 0.89367
1.2574 0.893925
1.25794 0.89418
1.25847 0.894435
1.259 0.894689
1.25954 0.894944
1.26007 0.895199
1.26061 0.895453
1.26114 0.895707
1.26167 0.895962
1.26221 0.896216
1.26274 0.89647
1.26327 0.896724
1.26381 0.896978
1.26434 0.897232
1.26488 0.897486
1.26541 0.89774
1.26594 0.897993
1.26648 0.898247
1.26701 0.8985
1.26754 0.898754
1.26808 0.899007
1.26861 0.89926
1.26914 0.899514
1.26968 0.899767
1.27021 0.90002
1.27075 0.900273
1.27128 0.900526
1.27181 0.900779
1.27235 0.901031
1.27288 0.901284
1.27341 0.901537
1.27395 0.901789
1.27448 0.902042
1.27502 0.902294
1.27555 0.902547
1.27608 0.902799
1.27662 0.903051
1.27715 0.903303
1.27768 0.903555
1.27822 0.903807
1.27875 0.904059
1.27929 0.904311
1.27982 0.904562
1.28035 0.904814
1.28089 0.905066
1.28142 0.905317
1.28195 0.905568
1.28249 0.90582
1.28302 0.906071
1.28355 0.906322
1.28409 0.906573
1.28462 0.906824
1.28516 0.907075
1.28569 0.907326
1.28622 0.907577
1.28676 0.907828
1.28729 0.908079
1.28782 0.908329
1.28836 0.90858
1.28889 0.90883
1.28943 0.90908
1.28996 0.909331
1.29049 0.909581
1.29103 0.909831
1.29156 0.910081
1.29209 0.910331
1.29263 0.910581
1.29316 0.910831
1.29369 0.911081
1.29423 0.91133
1.29476 0.91158
1.2953 0.91183
1.29583 0.912079
1.29636 0.912328
1.2969 0.912578
1.29743 0.912827
1.29796 0.913076
1.2985 0.913325
1.29903 0.913574
1.29957 0.913823
1.3001 0.914072
1.30063 0.914321
1.30117 0.91457
1.3017 0.914818
1.30223 0.915067
1.30277 0.915316
1.3033 0.915564
1.30384 0.915812
1.30437 0.916061
1.3049 0.916309
1.30544 0.916557
1.30597 0.916805
1.3065 0.917053
1.30704 0.917301
1.30757 0.917549
1.3081 0.917797
1.30864 0.918044
1.30917 0.918292
1.30971 0.91854
1.31024 0.918787
1.31077 0.919035
1.31131 0.919282
1.31184 0.919529
1.31237 0.919776
1.31291 0.920023
1.31344 0.920271
1.31398 0.920517
1.31451 0.920764
1.31504 0.921011
1.31558 0.921258
1.31611 0.921505
1.31664 0.921751
1.31718 0.921998
1.31771 0.922244
1.31825 0.922491
1.31878 0.922737
1.31931 0.922983
1.31985 0.923229
1.32038 0.923476
1.32091 0.923722
1.32145 0.923968
1.32198 0.924213
1.32251 0.924459
1.32305 0.924705
1.32358 0.924951
1.32412 0.925196
1.32465 0.925442
1.32518 0.925687
1.32572 0.925933
1.32625 0.926178
1.32678 0.926423
1.32732 0.926668
1.32785 0.926913
1.32839 0.927158
1.32892 0.927403
1.32945 0.927648
1.32999 0.927893
1.33052 0.928138
1.33105 0.928382
1.33159 0.928627
1.33212 0.928871
1.33266 0.929116
1.33319 0.92936
1.33372 0.929605
1.33426 0.929849
1.33479 0.930093
1.33532 0.930337
1.33586 0.930581
1.33639 0.930825
1.33692 0.931069
1.33746 0.931313
1.33799 0.931556
1.33853 0.9318
1.33906 0.932044
1.33959 0.932287
1.34013 0.932531
1.34066 0.932774
1.34119 0.933017
1.34173 0.93326
1.34226 0.933504
1.3428 0.933747
1.34333 0.93399
1.34386 0.934233
1.3444 0.934475
1.34493 0.934718
1.34546 0.934961
1.346 0.935204
1.34653 0.935446
1.34707 0.935689
1.3476 0.935931
1.34813 0.936173
1.34867 0.936416
1.3492 0.936658
1.34973 0.9369
1.35027 0.937142
1.3508 0.937384
1.35133 0.937626
1.35187 0.937868
1.3524 0.93811
1.35294 0.938352
1.35347 0.938593
1.354 0.938835
1.35454 0.939076
1.35507 0.939318
1.3556 0.939559
1.35614 0.9398
1.35667 0.940042
1.35721 0.940283
1.35774 0.940524
1.35827 0.940765
1.35881 0.941006
1.35934 0.941247
1.35987 0.941488
1.36041 0.941728
1.36094 0.941969
1.36148 0.94221
1.36201 0.94245
1.36254 0.942691
1.36308 0.942931
1.36361 0.943171
1.36414 0.943411
1.36468 0.943652
1.36521 0.943892
1.36574 0.944132
1.36628 0.944372
1.36681 0.944612
1.36735 0.944851
1.36788 0.945091
1.36841 0.945331
1.36895 0.945571
1.36948 0.94581
1.37001 0.94605
1.37055 0.946289
1.37108 0.946528
1.37162 0.946768
1.37215 0.947007
1.37268 0.947246
1.37322 0.947485
1.37375 0.947724
1.37428 0.947963
1.37482 0.948202
1.37535 0.94844
1.37589 0.948679
1.37642 0.948918
1.37695 0.949156
1.37749 0.949395
1.37802 0.949633
1.37855 0.949872
1.37909 0.95011
1.37962 0.950348
1.38015 0.950586
1.38069 0.950824
1.38122 0.951062
1.38176 0.9513
1.38229 0.951538
1.38282 0.951776
1.38336 0.952014
1.38389 0.952251
1.38442 0.952489
1.38496 0.952727
1.38549 0.952964
1.38603 0.953201
1.38656 0.953439
1.38709 0.953676
1.38763 0.953913
1.38816 0.95415
1.38869 0.954387
1.38923 0.954624
1.38976 0.954861
1.3903 0.955098
1.39083 0.955335
1.39136 0.955572
1.3919 0.955808
1.39243 0.956045
1.39296 0.956281
1.3935 0.956518
1.39403 0.956754
1.39456 0.95699
1.3951 0.957227
1.39563 0.957463
1.39617 0.957699
1.3967 0.957935
1.39723 0.958171
1.39777 0.958407
1.3983 0.958643
1.39883 0.958878
1.39937 0.959114
1.3999 0.95935
1.40044 0.959585
1.40097 0.959821
1.4015 0.960056
1.40204 0.960291
1.40257 0.960527
1.4031 0.960762
1.40364 0.960997
1.40417 0.961232
1.40471 0.961467
1.40524 0.961702
1.40577 0.961937
1.40631 0.962172
1.40684 0.962406
1.40737 0.962641
1.40791 0.962876
1.40844 0.96311
1.40897 0.963345
1.40951 0.963579
1.41004 0.963813
1.41058 0.964047
1.41111 0.964282
1.41164 0.964516
1.41218 0.96475
1.41271 0.964984
1.41324 0.965218
1.41378 0.965452
1.41431 0.965685
1.41485 0.965919
1.41538 0.966153
1.41591 0.966386
1.41645 0.96662
1.41698 0.966853
1.41751 0.967087
1.41805 0.96732
1.41858 0.967553
1.41912 0.967786
1.41965 0.968019
1.42018 0.968252
1.42072 0.968485
1.42125 0.968718
1.42178 0.968951
1.42232 0.969184
1.42285 0.969417
1.42338 0.969649
1.42392 0.969882
1.42445 0.970114
1.42499 0.970347
1.42552 0.970579
1.42605 0.970811
1.42659 0.971044
1.42712 0.971276
1.42765 0.971508
1.42819 0.97174
1.42872 0.971972
1.42926 0.972204
1.42979 0.972436
1.43032 0.972667
1.43086 0.972899
1.43139 0.973131
1.43192 0.973362
1.43246 0.973594
1.43299 0.973825
1.43353 0.974057
1.43406 0.974288
1.43459 0.974519
1.43513 0.97475
1.43566 0.974981
1.43619 0.975212
1.43673 0.975443
1.43726 0.975674
1.43779 0.975905
1.43833 0.976136
1.43886 0.976367
1.4394 0.976597
1.43993 0.976828
1.44046 0.977058
1.441 0.977289
1.44153 0.977519
1.44206 0.97775
1.4426 0.97798
1.44313 0.97821
1.44367 0.97844
1.4442 0.97867
1.44473 0.9789
1.44527 0.97913
1.4458 0.97936
1.44633 0.97959
1.44687 0.979819
1.4474 0.980049
1.44794 0.980279
1.44847 0.980508
1.449 0.980738
1.44954 0.980967
1.45007 0.981196
1.4506 0.981425
1.45114 0.981655
1.45167 0.981884
1.4522 0.982113
1.45274 0.982342
1.45327 0.982571
1.45381 0.9828
1.45434 0.983028
1.45487 0.983257
1.45541 0.983486
1.45594 0.983714
1.45647 0.983943
1.45701 0.984171
1.45754 0.9844
1.45808 0.984628
1.45861 0.984857
1.45914 0.985085
1.45968 0.985313
1.46021 0.985541
1.46074 0.985769
1.46128 0.985997
1.46181 0.986225
1.46234 0.986453
1.46288 0.98668
1.46341 0.986908
1.46395 0.987136
1.46448 0.987363
1.46501 0.987591
1.46555 0.987818
1.46608 0.988046
1.46661 0.988273
1.46715 0.9885
1.46768 0.988727
1.46822 0.988954
1.46875 0.989181
1.46928 0.989408
1.46982 0.989635
1.47035 0.989862
1.47088 0.990089
1.47142 0.990316
1.47195 0.990542
1.47249 0.990769
1.47302 0.990995
1.47355 0.991222
1.47409 0.991448
1.47462 0.991675
1.47515 0.991901
1.47569 0.992127
1.47622 0.992353
1.47675 0.992579
1.47729 0.992805
1.47782 0.993031
1.47836 0.993257
1.47889 0.993483
1.47942 0.993709
1.47996 0.993934
1.48049 0.99416
1.48102 0.994386
1.48156 0.994611
1.48209 0.994837
1.48263 0.995062
1.48316 0.995287
1.48369 0.995513
1.48423 0.995738
1.48476 0.995963
1.48529 0.996188
1.48583 0.996413
1.48636 0.996638
1.4869 0.996863
1.48743 0.997087
1.48796 0.997312
1.4885 0.997537
1.48903 0.997762
1.48956 0.997986
1.4901 0.998211
1.49063 0.998435
1.49116 0.998659
1.4917 0.998884
1.49223 0.999108
1.49277 0.999332
1.4933 0.999556
1.49383 0.99978
1.49437 1
1.4949 1.00023
1.49543 1.00045
1.49597 1.00068
1.4965 1.0009
1.49704 1.00112
1.49757 1.00135
1.4981 1.00157
1.49864 1.00179
1.49917 1.00202
1.4997 1.00224
1.50024 1.00246
1.50077 1.00269
1.50131 1.00291
1.50184 1.00313
1.50237 1.00336
1.50291 1.00358
1.50344 1.0038
1.50397 1.00402
1.50451 1.00425
1.50504 1.00447
1.50557 1.00469
1.50611 1.00492
1.50664 1.00514
1.50718 1.00536
1.50771 1.00558
1.50824 1.00581
1.50878 1.00603
1.50931 1.00625
1.50984 1.00647
1.51038 1.00669
1.51091 1.00692
1.51145 1.00714
1.51198 1.00736
1.51251 1.00758
1.51305 1.0078
1.51358 1.00803
1.51411 1.00825
1.51465 1.00847
1.51518 1.00869
1.51572 1.00891
1.51625 1.00913
1.51678 1.00935
1.51732 1.00958
1.51785 1.0098
1.51838 1.01002
1.51892 1.01024
1.51945 1.01046
1.51998 1.01068
1.52052 1.0109
1.52105 1.01112
1.52159 1.01134
1.52212 1.01156
1.52265 1.01178
1.52319 1.01201
1.52372 1.01223
1.52425 1.01245
1.52479 1.01267
1.52532 1.01289
1.52586 1.01311
1.52639 1.01333
1.52692 1.01355
1.52746 1.01377
1.52799 1.01399
1.52852 1.01421
1.52906 1.01443
1.52959 1.01465
1.53013 1.01487
1.53066 1.01509
1.53119 1.01531
1.53173 1.01553
1.53226 1.01575
1.53279 1.01597
1.53333 1.01618
1.53386 1.0164
1.53439 1.01662
1.53493 1.01684
1.53546 1.01706
1.536 1.01728
1.53653 1.0175
1.53706 1.01772
1.5376 1.01794
1.53813 1.01816
1.53866 1.01838
1.5392 1.01859
1.53973 1.01881
1.54027 1.01903
1.5408 1.01925
1.54133 1.01947
1.54187 1.01969
1.5424 1.01991
1.54293 1.02012
1.54347 1.02034
1.544 1.02056
1.54454 1.02078
1.54507 1.021
1.5456 1.02121
1.54614 1.02143
1.54667 1.02165
1.5472 1.02187
1.54774 1.02209
1.54827 1.0223
1.5488 1.02252
1.54934 1.02274
1.54987 1.02296
1.55041 1.02317
1.55094 1.02339
1.55147 1.02361
1.55201 1.02383
1.55254 1.02404
1.55307 1.02426
1.55361 1.02448
1.55414 1.02469
1.55468 1.02491
1.55521 1.02513
1.55574 1.02535
1.55628 1.02556
1.55681 1.02578
1.55734 1.026
1.55788 1.02621
1.55841 1.02643
1.55895 1.02665
1.55948 1.02686
1.56001 1.02708
1.56055 1.02729
1.56108 1.02751
1.56161 1.02773
1.56215 1.02794
1.56268 1.02816
1.56321 1.02838
1.56375 1.02859
1.56428 1.02881
1.56482 1.02902
1.56535 1.02924
1.56588 1.02945
1.56642 1.02967
1.56695 1.02989
1.56748 1.0301
1.56802 1.03032
1.56855 1.03053
1.56909 1.03075
1.56962 1.03096
1.57015 1.03118
1.57069 1.03139
1.57122 1.03161
1.57175 1.03182
1.57229 1.03204
1.57282 1.03225
1.57336 1.03247
1.57389 1.03268
1.57442 1.0329
1.57496 1.03311
1.57549 1.03333
1.57602 1.03354
1.57656 1.03376
1.57709 1.03397
1.57762 1.03419
1.57816 1.0344
1.57869 1.03461
1.57923 1.03483
1.57976 1.03504
1.58029 1.03526
1.58083 1.03547
1.58136 1.03568
1.58189 1.0359
1.58243 1.03611
1.58296 1.03633
1.5835 1.03654
1.58403 1.03675
1.58456 1.03697
1.5851 1.03718
1.58563 1.03739
1.58616 1.03761
1.5867 1.03782
1.58723 1.03803
1.58777 1.03825
1.5883 1.03846
1.58883 1.03867
1.58937 1.03889
1.5899 1.0391
1.59043 1.03931
1.59097 1.03953
1.5915 1.03974
1.59203 1.03995
1.59257 1.04017
1.5931 1.04038
1.59364 1.04059
1.59417 1.0408
1.5947 1.04102
1.59524 1.04123
1.59577 1.04144
1.5963 1.04165
1.59684 1.04187
1.59737 1.04208
1.59791 1.04229
1.59844 1.0425
1.59897 1.04271
1.59951 1.04293
1.60004 1.04314
1.60057 1.04335
1.60111 1.04356
1.60164 1.04377
1.60218 1.04398
1.60271 1.0442
1.60324 1.04441
1.60378 1.04462
1.60431 1.04483
1.60484 1.04504
1.60538 1.04525
1.60591 1.04547
1.60644 1.04568
1.60698 1.04589
1.60751 1.0461
1.60805 1.04631
1.60858 1.04652
1.60911 1.04673
1.60965 1.04694
1.61018 1.04715
1.61071 1.04736
1.61125 1.04758
1.61178 1.04779
1.61232 1.048
1.61285 1.04821
1.61338 1.04842
1.61392 1.04863
1.61445 1.04884
1.61498 1.04905
1.61552 1.04926
1.61605 1.04947
1.61659 1.04968
1.61712 1.04989
1.61765 1.0501
1.61819 1.05031
1.61872 1.05052
1.61925 1.05073
1.61979 1.05094
1.62032 1.05115
1.62085 1.05136
1.62139 1.05157
1.62192 1.05178
1.62246 1.05199
1.62299 1.0522
1.62352 1.05241
1.62406 1.05262
1.62459 1.05282
1.62512 1.05303
1.62566 1.05324
1.62619 1.05345
1.62673 1.05366
1.62726 1.05387
1.62779 1.05408
1.62833 1.05429
1.62886 1.0545
1.62939 1.05471
1.62993 1.05491
1.63046 1.05512
1.63099 1.05533
1.63153 1.05554
1.63206 1.05575
1.6326 1.05596
1.63313 1.05617
1.63366 1.05637
1.6342 1.05658
1.63473 1.05679
1.63526 1.057
1.6358 1.05721
1.63633 1.05741
1.63687 1.05762
1.6374 1.05783
1.63793 1.05804
1.63847 1.05825
1.639 1.05845
1.63953 1.05866
1.64007 1.05887
1.6406 1.05908
1.64114 1.05928
1.64167 1.05949
1.6422 1.0597
1.64274 1.05991
1.64327 1.06011
1.6438 1.06032
1.64434 1.06053
1.64487 1.06074
1.6454 1.06094
1.64594 1.06115
1.64647 1.06136
1.64701 1.06156
1.64754 1.06177
1.64807 1.06198
1.64861 1.06218
1.64914 1.06239
1.64967 1.0626
1.65021 1.0628
1.65074 1.06301
1.65128 1.06322
1.65181 1.06342
1.65234 1.06363
1.65288 1.06384
1.65341 1.06404
1.65394 1.06425
1.65448 1.06445
1.65501 1.06466
1.65555 1.06487
1.65608 1.06507
1.65661 1.06528
1.65715 1.06548
1.65768 1.06569
1.65821 1.0659
1.65875 1.0661
1.65928 1.06631
1.65981 1.06651
1.66035 1.06672
1.66088 1.06692
1.66142 1.06713
1.66195 1.06733
1.66248 1.06754
1.66302 1.06774
1.66355 1.06795
1.66408 1.06815
1.66462 1.06836
1.66515 1.06856
1.66569 1.06877
1.66622 1.06897
1.66675 1.06918
1.66729 1.06938
1.66782 1.06959
1.66835 1.06979
1.66889 1.07
1.66942 1.0702
1.66996 1.07041
1.67049 1.07061
1.67102 1.07082
1.67156 1.07102
1.67209 1.07122
1.67262 1.07143
1.67316 1.07163
1.67369 1.07184
1.67422 1.07204
1.67476 1.07225
1.67529 1.07245
1.67583 1.07265
1.67636 1.07286
1.67689 1.07306
1.67743 1.07326
1.67796 1.07347
1.67849 1.07367
1.67903 1.07388
1.67956 1.07408
1.6801 1.07428
1.68063 1.07449
1.68116 1.07469
1.6817 1.07489
1.68223 1.0751
1.68276 1.0753
1.6833 1.0755
1.68383 1.07571
1.68437 1.07591
1.6849 1.07611
1.68543 1.07631
1.68597 1.07652
1.6865 1.07672
1.68703 1.07692
1.68757 1.07713
1.6881 1.07733
1.68863 1.07753
1.68917 1.07773
1.6897 1.07794
1.69024 1.07814
1.69077 1.07834
1.6913 1.07854
1.69184 1.07875
1.69237 1.07895
1.6929 1.07915
1.69344 1.07935
1.69397 1.07955
1.69451 1.07976
1.69504 1.07996
1.69557 1.08016
1.69611 1.08036
1.69664 1.08056
1.69717 1.08076
1.69771 1.08097
1.69824 1.08117
1.69878 1.08137
1.69931 1.08157
1.69984 1.08177
1.70038 1.08197
1.70091 1.08218
1.70144 1.08238
1.70198 1.08258
1.70251 1.08278
1.70304 1.08298
1.70358 1.08318
1.70411 1.08338
1.70465 1.08358
1.70518 1.08378
1.70571 1.08399
1.70625 1.08419
1.70678 1.08439
1.70731 1.08459
1.70785 1.08479
1.70838 1.08499
1.70892 1.08519
1.70945 1.08539
1.70998 1.08559
1.71052 1.08579
1.71105 1.08599
1.71158 1.08619
1.71212 1.08639
1.71265 1.08659
1.71319 1.08679
1.71372 1.08699
1.71425 1.08719
1.71479 1.08739
1.71532 1.08759
1.71585 1.08779
1.71639 1.08799
1.71692 1.08819
1.71745 1.08839
1.71799 1.08859
1.71852 1.08879
1.71906 1.08899
1.71959 1.08919
1.72012 1.08939
1.72066 1.08959
1.72119 1.08979
1.72172 1.08999
1.72226 1.09019
1.72279 1.09038
1.72333 1.09058
1.72386 1.09078
1.72439 1.09098
1.72493 1.09118
1.72546 1.09138
1.72599 1.09158
1.72653 1.09178
1.72706 1.09198
1.7276 1.09217
1.72813 1.09237
1.72866 1.09257
1.7292 1.09277
1.72973 1.09297
1.73026 1.09317
1.7308 1.09337
1.73133 1.09356
1.73186 1.09376
1.7324 1.09396
1.73293 1.09416
1.73347 1.09436
1.734 1.09455
1.73453 1.09475
1.73507 1.09495
1.7356 1.09515
1.73613 1.09535
1.73667 1.09554
1.7372 1.09574
1.73774 1.09594
1.73827 1.09614
1.7388 1.09633
1.73934 1.09653
1.73987 1.09673
1.7404 1.09693
1.74094 1.09712
1.74147 1.09732
1.74201 1.09752
1.74254 1.09772
1.74307 1.09791
1.74361 1.09811
1.74414 1.09831
1.74467 1.0985
1.74521 1.0987
1.74574 1.0989
1.74627 1.09909
1.74681 1.09929
1.74734 1.09949
1.74788 1.09969
1.74841 1.09988
1.74894 1.10008
1.74948 1.10027
1.75001 1.10047
1.75054 1.10067
1.75108 1.10086
1.75161 1.10106
1.75215 1.10126
1.75268 1.10145
1.75321 1.10165
1.75375 1.10185
1.75428 1.10204
1.75481 1.10224
1.75535 1.10243
1.75588 1.10263
1.75642 1.10282
1.75695 1.10302
1.75748 1.10322
1.75802 1.10341
1.75855 1.10361
1.75908 1.1038
1.75962 1.104
1.76015 1.10419
1.76068 1.10439
1.76122 1.10459
1.76175 1.10478
1.76229 1.10498
1.76282 1.10517
1.76335 1.10537
1.76389 1.10556
1.76442 1.10576
1.76495 1.10595
1.76549 1.10615
1.76602 1.10634
1.76656 1.10654
1.76709 1.10673
1.76762 1.10693
1.76816 1.10712
1.76869 1.10732
1.76922 1.10751
1.76976 1.1077
1.77029 1.1079
1.77083 1.10809
1.77136 1.10829
1.77189 1.10848
1.77243 1.10868
1.77296 1.10887
1.77349 1.10907
1.77403 1.10926
1.77456 1.10945
1.77509 1.10965
1.77563 1.10984
1.77616 1.11004
1.7767 1.11023
1.77723 1.11042
1.77776 1.11062
1.7783 1.11081
1.77883 1.111
1.77936 1.1112
1.7799 1.11139
1.78043 1.11159
1.78097 1.11178
1.7815 1.11197
1.78203 1.11217
1.78257 1.11236
1.7831 1.11255
1.78363 1.11275
1.78417 1.11294
1.7847 1.11313
1.78524 1.11332
1.78577 1.11352
1.7863 1.11371
1.78684 1.1139
1.78737 1.1141
1.7879 1.11429
1.78844 1.11448
1.78897 1.11468
1.7895 1.11487
1.79004 1.11506
1.79057 1.11525
1.79111 1.11545
1.79164 1.11564
1.79217 1.11583
1.79271 1.11602
1.79324 1.11622
1.79377 1.11641
1.79431 1.1166
1.79484 1.11679
1.79538 1.11698
1.79591 1.11718
1.79644 1.11737
1.79698 1.11756
1.79751 1.11775
1.79804 1.11794
1.79858 1.11814
1.79911 1.11833
1.79965 1.11852
1.80018 1.11871
1.80071 1.1189
1.80125 1.11909
1.80178 1.11929
1.80231 1.11948
1.80285 1.11967
1.80338 1.11986
1.80391 1.12005
1.80445 1.12024
1.80498 1.12043
1.80552 1.12063
1.80605 1.12082
1.80658 1.12101
1.80712 1.1212
1.80765 1.12139
1.80818 1.12158
1.80872 1.12177
1.80925 1.12196
1.80979 1.12215
1.81032 1.12234
1.81085 1.12253
1.81139 1.12272
1.81192 1.12292
1.81245 1.12311
1.81299 1.1233
1.81352 1.12349
1.81405 1.12368
1.81459 1.12387
1.81512 1.12406
1.81566 1.12425
1.81619 1.12444
1.81672 1.12463
1.81726 1.12482
1.81779 1.12501
1.81832 1.1252
1.81886 1.12539
1.81939 1.12558
1.81993 1.12577
1.82046 1.12596
1.82099 1.12615
1.82153 1.12634
1.82206 1.12653
1.82259 1.12672
1.82313 1.12691
1.82366 1.1271
1.8242 1.12729
1.82473 1.12747
1.82526 1.12766
1.8258 1.12785
1.82633 1.12804
1.82686 1.12823
1.8274 1.12842
1.82793 1.12861
1.82846 1.1288
1.829 1.12899
1.82953 1.12918
1.83007 1.12937
1.8306 1.12956
1.83113 1.12974
1.83167 1.12993
1.8322 1.13012
1.83273 1.13031
1.83327 1.1305
1.8338 1.13069
1.83434 1.13088
1.83487 1.13106
1.8354 1.13125
1.83594 1.13144
1.83647 1.13163
1.837 1.13182
1.83754 1.13201
1.83807 1.13219
1.83861 1.13238
1.83914 1.13257
1.83967 1.13276
1.84021 1.13295
1.84074 1.13313
1.84127 1.13332
1.84181 1.13351
1.84234 1.1337
1.84287 1.13389
1.84341 1.13407
1.84394 1.13426
1.84448 1.13445
1.84501 1.13464
1.84554 1.13482
1.84608 1.13501
1.84661 1.1352
1.84714 1.13539
1.84768 1.13557
1.84821 1.13576
1.84875 1.13595
1.84928 1.13613
1.84981 1.13632
1.85035 1.13651
1.85088 1.1367
1.85141 1.13688
1.85195 1.13707
1.85248 1.13726
1.85302 1.13744
1.85355 1.13763
1.85408 1.13782
1.85462 1.138
1.85515 1.13819
1.85568 1.13838
1.85622 1.13856
1.85675 1.13875
1.85728 1.13894
1.85782 1.13912
1.85835 1.13931
1.85889 1.1395
1.85942 1.13968
1.85995 1.13987
1.86049 1.14005
1.86102 1.14024
1.86155 1.14043
1.86209 1.14061
1.86262 1.1408
1.86316 1.14098
1.86369 1.14117
1.86422 1.14136
1.86476 1.14154
1.86529 1.14173
1.86582 1.14191
1.86636 1.1421
1.86689 1.14228
1.86743 1.14247
1.86796 1.14266
1.86849 1.14284
1.86903 1.14303
1.86956 1.14321
1.87009 1.1434
1.87063 1.14358
1.87116 1.14377
1.87169 1.14395
1.87223 1.14414
1.87276 1.14432
1.8733 1.14451
1.87383 1.14469
1.87436 1.14488
1.8749 1.14506
1.87543 1.14525
1.87596 1.14543
1.8765 1.14562
1.87703 1.1458
1.87757 1.14599
1.8781 1.14617
1.87863 1.14636
1.87917 1.14654
1.8797 1.14672
1.88023 1.14691
1.88077 1.14709
1.8813 1.14728
1.88184 1.14746
1.88237 1.14765
1.8829 1.14783
1.88344 1.14801
1.88397 1.1482
1.8845 1.14838
1.88504 1.14857
1.88557 1.14875
1.8861 1.14893
1.88664 1.14912
1.88717 1.1493
1.88771 1.14949
1.88824 1.14967
1.88877 1.14985
1.88931 1.15004
1.88984 1.15022
1.89037 1.1504
1.89091 1.15059
1.89144 1.15077
1.89198 1.15095
1.89251 1.15114
1.89304 1.15132
1.89358 1.1515
1.89411 1.15169
1.89464 1.15187
1.89518 1.15205
1.89571 1.15224
1.89625 1.15242
1.89678 1.1526
1.89731 1.15278
1.89785 1.15297
1.89838 1.15315
1.89891 1.15333
1.89945 1.15352
1.89998 1.1537
1.90051 1.15388
1.90105 1.15406
1.90158 1.15425
1.90212 1.15443
1.90265 1.15461
1.90318 1.15479
1.90372 1.15498
1.90425 1.15516
1.90478 1.15534
1.90532 1.15552
1.90585 1.1557
1.90639 1.15589
1.90692 1.15607
1.90745 1.15625
1.90799 1.15643
1.90852 1.15662
1.90905 1.1568
1.90959 1.15698
1.91012 1.15716
1.91066 1.15734
1.91119 1.15752
1.91172 1.15771
1.91226 1.15789
1.91279 1.15807
1.91332 1.15825
1.91386 1.15843
1.91439 1.15861
1.91492 1.15879
1.91546 1.15898
1.91599 1.15916
1.91653 1.15934
1.91706 1.15952
1.91759 1.1597
1.91813 1.15988
1.91866 1.16006
1.91919 1.16024
1.91973 1.16042
1.92026 1.16061
1.9208 1.16079
1.92133 1.16097
1.92186 1.16115
1.9224 1.16133
1.92293 1.16151
1.92346 1.16169
1.924 1.16187
1.92453 1.16205
1.92507 1.16223
1.9256 1.16241
1.92613 1.16259
1.92667 1.16277
1.9272 1.16295
1.92773 1.16313
1.92827 1.16331
1.9288 1.16349
1.92933 1.16367
1.92987 1.16385
1.9304 1.16403
1.93094 1.16421
1.93147 1.16439
1.932 1.16457
1.93254 1.16475
1.93307 1.16493
1.9336 1.16511
1.93414 1.16529
1.93467 1.16547
1.93521 1.16565
1.93574 1.16583
1.93627 1.16601
1.93681 1.16619
1.93734 1.16637
1.93787 1.16655
1.93841 1.16673
1.93894 1.16691
1.93948 1.16709
1.94001 1.16727
1.94054 1.16745
1.94108 1.16763
1.94161 1.16781
1.94214 1.16798
1.94268 1.16816
1.94321 1.16834
1.94374 1.16852
1.94428 1.1687
1.94481 1.16888
1.94535 1.16906
1.94588 1.16924
1.94641 1.16942
1.94695 1.16959
1.94748 1.16977
1.94801 1.16995
1.94855 1.17013
1.94908 1.17031
1.94962 1.17049
1.95015 1.17067
1.95068 1.17084
1.95122 1.17102
1.95175 1.1712
1.95228 1.17138
1.95282 1.17156
1.95335 1.17173
1.95389 1.17191
1.95442 1.17209
1.95495 1.17227
1.95549 1.17245
1.95602 1.17262
1.95655 1.1728
1.95709 1.17298
1.95762 1.17316
1.95815 1.17334
1.95869 1.17351
1.95922 1.17369
1.95976 1.17387
1.96029 1.17405
1.96082 1.17422
1.96136 1.1744
1.96189 1.17458
1.96242 1.17476
1.96296 1.17493
1.96349 1.17511
1.96403 1.17529
1.96456 1.17546
1.96509 1.17564
1.96563 1.17582
1.96616 1.176
1.96669 1.17617
1.96723 1.17635
1.96776 1.17653
1.9683 1.1767
1.96883 1.17688
1.96936 1.17706
1.9699 1.17723
1.97043 1.17741
1.97096 1.17759
1.9715 1.17776
1.97203 1.17794
1.97256 1.17812
1.9731 1.17829
1.97363 1.17847
1.97417 1.17865
1.9747 1.17882
1.97523 1.179
1.97577 1.17918
1.9763 1.17935
1.97683 1.17953
1.97737 1.1797
1.9779 1.17988
1.97844 1.18006
1.97897 1.18023
1.9795 1.18041
1.98004 1.18058
1.98057 1.18076
1.9811 1.18094
1.98164 1.18111
1.98217 1.18129
1.9827 1.18146
1.98324 1.18164
1.98377 1.18181
1.98431 1.18199
1.98484 1.18217
1.98537 1.18234
1.98591 1.18252
1.98644 1.18269
1.98697 1.18287
1.98751 1.18304
1.98804 1.18322
1.98858 1.18339
1.98911 1.18357
1.98964 1.18374
1.99018 1.18392
1.99071 1.18409
1.99124 1.18427
1.99178 1.18444
1.99231 1.18462
1.99285 1.18479
1.99338 1.18497
1.99391 1.18514
1.99445 1.18532
1.99498 1.18549
1.99551 1.18567
1.99605 1.18584
1.99658 1.18602
1.99711 1.18619
1.99765 1.18636
1.99818 1.18654
1.99872 1.18671
1.99925 1.18689
1.99978 1.18706
2.00032 1.18724
2.00085 1.18741
2.00138 1.18758
2.00192 1.18776
2.00245 1.18793
2.00299 1.18811
2.00352 1.18828
2.00405 1.18845
2.00459 1.18863
2.00512 1.1888
2.00565 1.18898
2.00619 1.18915
2.00672 1.18932
2.00726 1.1895
2.00779 1.18967
2.00832 1.18984
2.00886 1.19002
2.00939 1.19019
2.00992 1.19037
2.01046 1.19054
2.01099 1.19071
2.01152 1.19089
2.01206 1.19106
2.01259 1.19123
2.01313 1.19141
2.01366 1.19158
2.01419 1.19175
2.01473 1.19192
2.01526 1.1921
2.01579 1.19227
2.01633 1.19244
2.01686 1.19262
2.0174 1.19279
2.01793 1.19296
2.01846 1.19314
2.019 1.19331
2.01953 1.19348
2.02006 1.19365
2.0206 1.19383
2.02113 1.194
2.02167 1.19417
2.0222 1.19434
2.02273 1.19452
2.02327 1.19469
2.0238 1.19486
2.02433 1.19503
2.02487 1.19521
2.0254 1.19538
2.02593 1.19555
2.02647 1.19572
2.027 1.19589
2.02754 1.19607
2.02807 1.19624
2.0286 1.19641
2.02914 1.19658
2.02967 1.19675
2.0302 1.19693
2.03074 1.1971
2.03127 1.19727
2.03181 1.19744
2.03234 1.19761
2.03287 1.19778
2.03341 1.19796
2.03394 1.19813
2.03447 1.1983
2.03501 1.19847
2.03554 1.19864
2.03608 1.19881
2.03661 1.19899
2.03714 1.19916
2.03768 1.19933
2.03821 1.1995
2.03874 1.19967
2.03928 1.19984
2.03981 1.20001
2.04034 1.20018
2.04088 1.20035
2.04141 1.20053
2.04195 1.2007
2.04248 1.20087
2.04301 1.20104
2.04355 1.20121
2.04408 1.20138
2.04461 1.20155
2.04515 1.20172
2.04568 1.20189
2.04622 1.20206
2.04675 1.20223
2.04728 1.2024
2.04782 1.20257
2.04835 1.20274
2.04888 1.20292
2.04942 1.20309
2.04995 1.20326
2.05049 1.20343
2.05102 1.2036
2.05155 1.20377
2.05209 1.20394
2.05262 1.20411
2.05315 1.20428
2.05369 1.20445
2.05422 1.20462
2.05475 1.20479
2.05529 1.20496
2.05582 1.20513
2.05636 1.2053
2.05689 1.20547
2.05742 1.20564
2.05796 1.20581
2.05849 1.20598
2.05902 1.20614
2.05956 1.20631
2.06009 1.20648
2.06063 1.20665
2.06116 1.20682
2.06169 1.20699
2.06223 1.20716
2.06276 1.20733
2.06329 1.2075
2.06383 1.20767
2.06436 1.20784
2.0649 1.20801
2.06543 1.20818
2.06596 1.20835
2.0665 1.20852
2.06703 1.20868
2.06756 1.20885
2.0681 1.20902
2.06863 1.20919
2.06916 1.20936
2.0697 1.20953
2.07023 1.2097
2.07077 1.20987
2.0713 1.21003
2.07183 1.2102
2.07237 1.21037
2.0729 1.21054
2.07343 1.21071
2.07397 1.21088
2.0745 1.21105
2.07504 1.21121
2.07557 1.21138
2.0761 1.21155
2.07664 1.21172
2.07717 1.21189
2.0777 1.21206
2.07824 1.21222
2.07877 1.21239
2.07931 1.21256
2.07984 1.21273
2.08037 1.2129
2.08091 1.21306
2.08144 1.21323
2.08197 1.2134
2.08251 1.21357
2.08304 1.21373
2.08357 1.2139
2.08411 1.21407
2.08464 1.21424
2.08518 1.21441
2.08571 1.21457
2.08624 1.21474
2.08678 1.21491
2.08731 1.21508
2.08784 1.21524
2.08838 1.21541
2.08891 1.21558
2.08945 1.21574
2.08998 1.21591
2.09051 1.21608
2.09105 1.21625
2.09158 1.21641
2.09211 1.21658
2.09265 1.21675
2.09318 1.21691
2.09372 1.21708
2.09425 1.21725
2.09478 1.21742
2.09532 1.21758
2.09585 1.21775
2.09638 1.21792
2.09692 1.21808
2.09745 1.21825
2.09798 1.21842
2.09852 1.21858
2.09905 1.21875
2.09959 1.21892
2.10012 1.21908
2.10065 1.21925
2.10119 1.21941
2.10172 1.21958
2.10225 1.21975
2.10279 1.21991
2.10332 1.22008
2.10386 1.22025
2.10439 1.22041
2.10492 1.22058
2.10546 1.22074
2.10599 1.22091
2.10652 1.22108
2.10706 1.22124
2.10759 1.22141
2.10813 1.22157
2.10866 1.22174
2.10919 1.22191
2.10973 1.22207
2.11026 1.22224
2.11079 1.2224
2.11133 1.22257
2.11186 1.22273
2.11239 1.2229
2.11293 1.22307
2.11346 1.22323
2.114 1.2234
2.11453 1.22356
2.11506 1.22373
2.1156 1.22389
2.11613 1.22406
2.11666 1.22422
2.1172 1.22439
2.11773 1.22455
2.11827 1.22472
2.1188 1.22488
2.11933 1.22505
2.11987 1.22521
2.1204 1.22538
2.12093 1.22554
2.12147 1.22571
2.122 1.22587
2.12254 1.22604
2.12307 1.2262
2.1236 1.22637
2.12414 1.22653
2.12467 1.2267
2.1252 1.22686
2.12574 1.22703
2.12627 1.22719
2.1268 1.22735
2.12734 1.22752
2.12787 1.22768
2.12841 1.22785
2.12894 1.22801
2.12947 1.22818
2.13001 1.22834
2.13054 1.22851
2.13107 1.22867
2.13161 1.22883
2.13214 1.229
2.13268 1.22916
2.13321 1.22933
2.13374 1.22949
2.13428 1.22965
2.13481 1.22982
2.13534 1.22998
2.13588 1.23014
2.13641 1.23031
2.13695 1.23047
2.13748 1.23064
2.13801 1.2308
2.13855 1.23096
2.13908 1.23113
2.13961 1.23129
2.14015 1.23145
2.14068 1.23162
2.14121 1.23178
2.14175 1.23194
2.14228 1.23211
2.14282 1.23227
2.14335 1.23243
2.14388 1.2326
2.14442 1.23276
2.14495 1.23292
2.14548 1.23309
2.14602 1.23325
2.14655 1.23341
2.14709 1.23358
2.14762 1.23374
2.14815 1.2339
2.14869 1.23406
2.14922 1.23423
2.14975 1.23439
2.15029 1.23455
2.15082 1.23472
2.15135 1.23488
2.15189 1.23504
2.15242 1.2352
2.15296 1.23537
2.15349 1.23553
2.15402 1.23569
2.15456 1.23585
2.15509 1.23602
2.15562 1.23618
2.15616 1.23634
2.15669 1.2365
2.15723 1.23667
2.15776 1.23683
2.15829 1.23699
2.15883 1.23715
2.15936 1.23731
2.15989 1.23748
2.16043 1.23764
2.16096 1.2378
2.1615 1.23796
2.16203 1.23812
2.16256 1.23829
2.1631 1.23845
2.16363 1.23861
2.16416 1.23877
2.1647 1.23893
2.16523 1.2391
2.16576 1.23926
2.1663 1.23942
2.16683 1.23958
2.16737 1.23974
2.1679 1.2399
2.16843 1.24006
2.16897 1.24023
2.1695 1.24039
2.17003 1.24055
2.17057 1.24071
2.1711 1.24087
2.17164 1.24103
2.17217 1.24119
2.1727 1.24135
2.17324 1.24152
2.17377 1.24168
2.1743 1.24184
2.17484 1.242
2.17537 1.24216
2.17591 1.24232
2.17644 1.24248
2.17697 1.24264
2.17751 1.2428
2.17804 1.24296
2.17857 1.24312
2.17911 1.24329
2.17964 1.24345
2.18017 1.24361
2.18071 1.24377
2.18124 1.24393
2.18178 1.24409
2.18231 1.24425
2.18284 1.24441
2.18338 1.24457
2.18391 1.24473
2.18444 1.24489
2.18498 1.24505
2.18551 1.24521
2.18605 1.24537
2.18658 1.24553
2.18711 1.24569
2.18765 1.24585
2.18818 1.24601
2.18871 1.24617
2.18925 1.24633
2.18978 1.24649
2.19032 1.24665
2.19085 1.24681
2.19138 1.24697
2.19192 1.24713
2.19245 1.24729
2.19298 1.24745
2.19352 1.24761
2.19405 1.24777
2.19458 1.24793
2.19512 1.24809
2.19565 1.24825
2.19619 1.24841
2.19672 1.24857
2.19725 1.24873
2.19779 1.24889
2.19832 1.24905
2.19885 1.2492
2.19939 1.24936
2.19992 1.24952
2.20046 1.24968
2.20099 1.24984
2.20152 1.25
2.20206 1.25016
2.20259 1.25032
2.20312 1.25048
2.20366 1.25064
2.20419 1.2508
2.20473 1.25095
2.20526 1.25111
2.20579 1.25127
2.20633 1.25143
2.20686 1.25159
2.20739 1.25175
2.20793 1.25191
2.20846 1.25207
2.20899 1.25222
2.20953 1.25238
2.21006 1.25254
2.2106 1.2527
2.21113 1.25286
2.21166 1.25302
2.2122 1.25317
2.21273 1.25333
2.21326 1.25349
2.2138 1.25365
2.21433 1.25381
2.21487 1.25397
2.2154 1.25412
2.21593 1.25428
2.21647 1.25444
2.217 1.2546
2.21753 1.25476
2.21807 1.25491
2.2186 1.25507
2.21914 1.25523
2.21967 1.25539
2.2202 1.25555
2.22074 1.2557
2.22127 1.25586
2.2218 1.25602
2.22234 1.25618
2.22287 1.25633
2.2234 1.25649
2.22394 1.25665
2.22447 1.25681
2.22501 1.25696
2.22554 1.25712
2.22607 1.25728
2.22661 1.25744
2.22714 1.25759
2.22767 1.25775
2.22821 1.25791
2.22874 1.25807
2.22928 1.25822
2.22981 1.25838
2.23034 1.25854
2.23088 1.25869
2.23141 1.25885
2.23194 1.25901
2.23248 1.25917
2.23301 1.25932
2.23355 1.25948
2.23408 1.25964
2.23461 1.25979
2.23515 1.25995
2.23568 1.26011
2.23621 1.26026
2.23675 1.26042
2.23728 1.26058
2.23781 1.26073
2.23835 1.26089
2.23888 1.26105
2.23942 1.2612
2.23995 1.26136
2.24048 1.26152
2.24102 1.26167
2.24155 1.26183
2.24208 1.26198
2.24262 1.26214
2.24315 1.2623
2.24369 1.26245
2.24422 1.26261
2.24475 1.26277
2.24529 1.26292
2.24582 1.26308
2.24635 1.26323
2.24689 1.26339
2.24742 1.26355
2.24796 1.2637
2.24849 1.26386
2.24902 1.26401
2.24956 1.26417
2.25009 1.26432
2.25062 1.26448
2.25116 1.26464
2.25169 1.26479
2.25222 1.26495
2.25276 1.2651
2.25329 1.26526
2.25383 1.26541
2.25436 1.26557
2.25489 1.26572
2.25543 1.26588
2.25596 1.26604
2.25649 1.26619
2.25703 1.26635
2.25756 1.2665
2.2581 1.26666
2.25863 1.26681
2.25916 1.26697
2.2597 1.26712
2.26023 1.26728
2.26076 1.26743
2.2613 1.26759
2.26183 1.26774
2.26237 1.2679
2.2629 1.26805
2.26343 1.26821
2.26397 1.26836
2.2645 1.26852
2.26503 1.26867
2.26557 1.26883
2.2661 1.26898
2.26663 1.26914
2.26717 1.26929
2.2677 1.26944
2.26824 1.2696
2.26877 1.26975
2.2693 1.26991
2.26984 1.27006
2.27037 1.27022
2.2709 1.27037
2.27144 1.27053
2.27197 1.27068
2.27251 1.27083
2.27304 1.27099
2.27357 1.27114
2.27411 1.2713
2.27464 1.27145
2.27517 1.27161
2.27571 1.27176
2.27624 1.27191
2.27678 1.27207
2.27731 1.27222
2.27784 1.27237
2.27838 1.27253
2.27891 1.27268
2.27944 1.27284
2.27998 1.27299
2.28051 1.27314
2.28104 1.2733
2.28158 1.27345
2.28211 1.2736
2.28265 1.27376
2.28318 1.27391
2.28371 1.27407
2.28425 1.27422
2.28478 1.27437
2.28531 1.27453
2.28585 1.27468
2.28638 1.27483
2.28692 1.27499
2.28745 1.27514
2.28798 1.27529
2.28852 1.27545
2.28905 1.2756
2.28958 1.27575
2.29012 1.2759
2.29065 1.27606
2.29119 1.27621
2.29172 1.27636
2.29225 1.27652
2.29279 1.27667
2.29332 1.27682
2.29385 1.27698
2.29439 1.27713
2.29492 1.27728
2.29545 1.27743
2.29599 1.27759
2.29652 1.27774
2.29706 1.27789
2.29759 1.27804
2.29812 1.2782
2.29866 1.27835
2.29919 1.2785
2.29972 1.27865
2.30026 1.27881
2.30079 1.27896
2.30133 1.27911
2.30186 1.27926
2.30239 1.27942
2.30293 1.27957
2.30346 1.27972
2.30399 1.27987
2.30453 1.28003
2.30506 1.28018
2.3056 1.28033
2.30613 1.28048
2.30666 1.28063
2.3072 1.28079
2.30773 1.28094
2.30826 1.28109
2.3088 1.28124
2.30933 1.28139
2.30986 1.28154
2.3104 1.2817
2.31093 1.28185
2.31147 1.282
2.312 1.28215
2.31253 1.2823
2.31307 1.28245
2.3136 1.28261
2.31413 1.28276
2.31467 1.28291
2.3152 1.28306
2.31574 1.28321
2.31627 1.28336
2.3168 1.28351
2.31734 1.28367
2.31787 1.28382
2.3184 1.28397
2.31894 1.28412
2.31947 1.28427
2.32 1.28442
2.32054 1.28457
2.32107 1.28472
2.32161 1.28488
2.32214 1.28503
2.32267 1.28518
2.32321 1.28533
2.32374 1.28548
2.32427 1.28563
2.32481 1.28578
2.32534 1.28593
2.32588 1.28608
2.32641 1.28623
2.32694 1.28638
2.32748 1.28653
2.32801 1.28669
2.32854 1.28684
2.32908 1.28699
2.32961 1.28714
2.33015 1.28729
2.33068 1.28744
2.33121 1.28759
2.33175 1.28774
2.33228 1.28789
2.33281 1.28804
2.33335 1.28819
2.33388 1.28834
2.33441 1.28849
2.33495 1.28864
2.33548 1.28879
2.33602 1.28894
2.33655 1.28909
2.33708 1.28924
2.33762 1.28939
2.33815 1.28954
2.33868 1.28969
2.33922 1.28984
2.33975 1.28999
2.34029 1.29014
2.34082 1.29029
2.34135 1.29044
2.34189 1.29059
2.34242 1.29074
2.34295 1.29089
2.34349 1.29104
2.34402 1.29119
2.34456 1.29134
2.34509 1.29149
2.34562 1.29164
2.34616 1.29179
2.34669 1.29194
2.34722 1.29208
2.34776 1.29223
2.34829 1.29238
2.34882 1.29253
2.34936 1.29268
2.34989 1.29283
2.35043 1.29298
2.35096 1.29313
2.35149 1.29328
2.35203 1.29343
2.35256 1.29358
2.35309 1.29373
2.35363 1.29388
2.35416 1.29402
2.3547 1.29417
2.35523 1.29432
2.35576 1.29447
2.3563 1.29462
2.35683 1.29477
2.35736 1.29492
2.3579 1.29507
2.35843 1.29521
2.35897 1.29536
2.3595 1.29551
2.36003 1.29566
2.36057 1.29581
2.3611 1.29596
2.36163 1.29611
2.36217 1.29625
2.3627 1.2964
2.36323 1.29655
2.36377 1.2967
2.3643 1.29685
2.36484 1.297
2.36537 1.29714
2.3659 1.29729
2.36644 1.29744
2.36697 1.29759
2.3675 1.29774
2.36804 1.29789
2.36857 1.29803
2.36911 1.29818
2.36964 1.29833
2.37017 1.29848
2.37071 1.29863
2.37124 1.29877
2.37177 1.29892
2.37231 1.29907
2.37284 1.29922
2.37338 1.29936
2.37391 1.29951
2.37444 1.29966
2.37498 1.29981
2.37551 1.29995
2.37604 1.3001
2.37658 1.30025
2.37711 1.3004
2.37764 1.30055
2.37818 1.30069
2.37871 1.30084
2.37925 1.30099
2.37978 1.30113
2.38031 1.30128
2.38085 1.30143
2.38138 1.30158
2.38191 1.30172
2.38245 1.30187
2.38298 1.30202
2.38352 1.30217
2.38405 1.30231
2.38458 1.30246
2.38512 1.30261
2.38565 1.30275
2.38618 1.3029
2.38672 1.30305
2.38725 1.30319
2.38779 1.30334
2.38832 1.30349
2.38885 1.30363
2.38939 1.30378
2.38992 1.30393
2.39045 1.30407
2.39099 1.30422
2.39152 1.30437
2.39205 1.30451
2.39259 1.30466
2.39312 1.30481
2.39366 1.30495
2.39419 1.3051
2.39472 1.30525
2.39526 1.30539
2.39579 1.30554
2.39632 1.30569
2.39686 1.30583
2.39739 1.30598
2.39793 1.30613
2.39846 1.30627
2.39899 1.30642
2.39953 1.30656
2.40006 1.30671
2.40059 1.30686
2.40113 1.307
2.40166 1.30715
2.4022 1.30729
2.40273 1.30744
2.40326 1.30759
2.4038 1.30773
2.40433 1.30788
2.40486 1.30802
2.4054 1.30817
2.40593 1.30831
2.40646 1.30846
2.407 1.30861
2.40753 1.30875
2.40807 1.3089
2.4086 1.30904
2.40913 1.30919
2.40967 1.30933
2.4102 1.30948
2.41073 1.30963
2.41127 1.30977
2.4118 1.30992
2.41234 1.31006
2.41287 1.31021
2.4134 1.31035
2.41394 1.3105
2.41447 1.31064
2.415 1.31079
2.41554 1.31093
2.41607 1.31108
2.41661 1.31122
2.41714 1.31137
2.41767 1.31151
2.41821 1.31166
2.41874 1.3118
2.41927 1.31195
2.41981 1.31209
2.42034 1.31224
2.42087 1.31238
2.42141 1.31253
2.42194 1.31267
2.42248 1.31282
2.42301 1.31296
2.42354 1.31311
2.42408 1.31325
2.42461 1.3134
2.42514 1.31354
2.42568 1.31368
2.42621 1.31383
2.42675 1.31397
2.42728 1.31412
2.42781 1.31426
2.42835 1.31441
2.42888 1.31455
2.42941 1.3147
2.42995 1.31484
2.43048 1.31498
2.43102 1.31513
2.43155 1.31527
2.43208 1.31542
2.43262 1.31556
2.43315 1.31571
2.43368 1.31585
2.43422 1.31599
2.43475 1.31614
2.43528 1.31628
2.43582 1.31643
2.43635 1.31657
2.43689 1.31671
2.43742 1.31686
2.43795 1.317
2.43849 1.31714
2.43902 1.31729
2.43955 1.31743
2.44009 1.31758
2.44062 1.31772
2.44116 1.31786
2.44169 1.31801
2.44222 1.31815
2.44276 1.31829
2.44329 1.31844
2.44382 1.31858
2.44436 1.31872
2.44489 1.31887
2.44543 1.31901
2.44596 1.31915
2.44649 1.3193
2.44703 1.31944
2.44756 1.31958
2.44809 1.31973
2.44863 1.31987
2.44916 1.32001
2.44969 1.32016
2.45023 1.3203
2.45076 1.32044
2.4513 1.32059
2.45183 1.32073
2.45236 1.32087
2.4529 1.32101
2.45343 1.32116
2.45396 1.3213
2.4545 1.32144
2.45503 1.32159
2.45557 1.32173
2.4561 1.32187
2.45663 1.32201
2.45717 1.32216
2.4577 1.3223
2.45823 1.32244
2.45877 1.32258
2.4593 1.32273
2.45984 1.32287
2.46037 1.32301
2.4609 1.32315
2.46144 1.3233
2.46197 1.32344
2.4625 1.32358
2.46304 1.32372
2.46357 1.32387
2.4641 1.32401
2.46464 1.32415
2.46517 1.32429
2.46571 1.32444
2.46624 1.32458
2.46677 1.32472
2.46731 1.32486
2.46784 1.325
2.46837 1.32515
2.46891 1.32529
2.46944 1.32543
2.46998 1.32557
2.47051 1.32571
2.47104 1.32586
2.47158 1.326
2.47211 1.32614
2.47264 1.32628
2.47318 1.32642
2.47371 1.32656
2.47425 1.32671
2.47478 1.32685
2.47531 1.32699
2.47585 1.32713
2.47638 1.32727
2.47691 1.32741
2.47745 1.32756
2.47798 1.3277
2.47851 1.32784
2.47905 1.32798
2.47958 1.32812
2.48012 1.32826
2.48065 1.3284
2.48118 1.32855
2.48172 1.32869
2.48225 1.32883
2.48278 1.32897
2.48332 1.32911
2.48385 1.32925
2.48439 1.32939
2.48492 1.32953
2.48545 1.32967
2.48599 1.32982
2.48652 1.32996
2.48705 1.3301
2.48759 1.33024
2.48812 1.33038
2.48866 1.33052
2.48919 1.33066
2.48972 1.3308
2.49026 1.33094
2.49079 1.33108
2.49132 1.33122
2.49186 1.33136
2.49239 1.3315
2.49292 1.33165
2.49346 1.33179
2.49399 1.33193
2.49453 1.33207
2.49506 1.33221
2.49559 1.33235
2.49613 1.33249
2.49666 1.33263
2.49719 1.33277
2.49773 1.33291
2.49826 1.33305
2.4988 1.33319
2.49933 1.33333
2.49986 1.33347
2.5004 1.33361
2.50093 1.33375
2.50146 1.33389
2.502 1.33403
2.50253 1.33417
2.50306 1.33431
2.5036 1.33445
2.50413 1.33459
2.50467 1.33473
2.5052 1.33487
2.50573 1.33501
2.50627 1.33515
2.5068 1.33529
2.50733 1.33543
2.50787 1.33557
2.5084 1.33571
2.50894 1.33585
2.50947 1.33599
2.51 1.33613
2.51054 1.33627
2.51107 1.33641
2.5116 1.33655
2.51214 1.33669
2.51267 1.33683
2.51321 1.33697
2.51374 1.3371
2.51427 1.33724
2.51481 1.33738
2.51534 1.33752
2.51587 1.33766
2.51641 1.3378
2.51694 1.33794
2.51747 1.33808
2.51801 1.33822
2.51854 1.33836
2.51908 1.3385
2.51961 1.33864
2.52014 1.33878
2.52068 1.33891
2.52121 1.33905
2.52174 1.33919
2.52228 1.33933
2.52281 1.33947
2.52335 1.33961
2.52388 1.33975
2.52441 1.33989
2.52495 1.34003
2.52548 1.34016
2.52601 1.3403
2.52655 1.34044
2.52708 1.34058
2.52762 1.34072
2.52815 1.34086
2.52868 1.341
2.52922 1.34113
2.52975 1.34127
2.53028 1.34141
2.53082 1.34155
2.53135 1.34169
2.53188 1.34183
2.53242 1.34196
2.53295 1.3421
2.53349 1.34224
2.53402 1.34238
2.53455 1.34252
2.53509 1.34266
2.53562 1.34279
2.53615 1.34293
2.53669 1.34307
2.53722 1.34321
2.53776 1.34335
2.53829 1.34348
2.53882 1.34362
2.53936 1.34376
2.53989 1.3439
2.54042 1.34404
2.54096 1.34417
2.54149 1.34431
2.54203 1.34445
2.54256 1.34459
2.54309 1.34473
2.54363 1.34486
2.54416 1.345
2.54469 1.34514
2.54523 1.34528
2.54576 1.34541
2.54629 1.34555
2.54683 1.34569
2.54736 1.34583
2.5479 1.34596
2.54843 1.3461
2.54896 1.34624
2.5495 1.34638
2.55003 1.34651
2.55056 1.34665
2.5511 1.34679
2.55163 1.34693
2.55217 1.34706
2.5527 1.3472
2.55323 1.34734
2.55377 1.34747
2.5543 1.34761
2.55483 1.34775
2.55537 1.34789
2.5559 1.34802
2.55644 1.34816
2.55697 1.3483
2.5575 1.34843
2.55804 1.34857
2.55857 1.34871
2.5591 1.34884
2.55964 1.34898
2.56017 1.34912
2.5607 1.34926
2.56124 1.34939
2.56177 1.34953
2.56231 1.34967
2.56284 1.3498
2.56337 1.34994
2.56391 1.35008
2.56444 1.35021
2.56497 1.35035
2.56551 1.35048
2.56604 1.35062
2.56658 1.35076
2.56711 1.35089
2.56764 1.35103
2.56818 1.35117
2.56871 1.3513
2.56924 1.35144
2.56978 1.35158
2.57031 1.35171
2.57085 1.35185
2.57138 1.35198
2.57191 1.35212
2.57245 1.35226
2.57298 1.35239
2.57351 1.35253
2.57405 1.35267
2.57458 1.3528
2.57511 1.35294
2.57565 1.35307
2.57618 1.35321
2.57672 1.35334
2.57725 1.35348
2.57778 1.35362
2.57832 1.35375
2.57885 1.35389
2.57938 1.35402
2.57992 1.35416
2.58045 1.3543
2.58099 1.35443
2.58152 1.35457
2.58205 1.3547
2.58259 1.35484
2.58312 1.35497
2.58365 1.35511
2.58419 1.35524
2.58472 1.35538
2.58526 1.35552
2.58579 1.35565
2.58632 1.35579
2.58686 1.35592
2.58739 1.35606
2.58792 1.35619
2.58846 1.35633
2.58899 1.35646
2.58952 1.3566
2.59006 1.35673
2.59059 1.35687
2.59113 1.357
2.59166 1.35714
2.59219 1.35727
2.59273 1.35741
2.59326 1.35754
2.59379 1.35768
2.59433 1.35781
2.59486 1.35795
2.5954 1.35808
2.59593 1.35822
2.59646 1.35835
2.597 1.35849
2.59753 1.35862
2.59806 1.35876
2.5986 1.35889
2.59913 1.35903
2.59967 1.35916
2.6002 1.3593
2.60073 1.35943
2.60127 1.35957
2.6018 1.3597
2.60233 1.35983
2.60287 1.35997
2.6034 1.3601
2.60393 1.36024
2.60447 1.36037
2.605 1.36051
2.60554 1.36064
2.60607 1.36078
2.6066 1.36091
2.60714 1.36104
2.60767 1.36118
2.6082 1.36131
2.60874 1.36145
2.60927 1.36158
2.60981 1.36171
2.61034 1.36185
2.61087 1.36198
2.61141 1.36212
2.61194 1.36225
2.61247 1.36238
2.61301 1.36252
2.61354 1.36265
2.61408 1.36279
2.61461 1.36292
2.61514 1.36305
2.61568 1.36319
2.61621 1.36332
2.61674 1.36346
2.61728 1.36359
2.61781 1.36372
2.61834 1.36386
2.61888 1.36399
2.61941 1.36412
2.61995 1.36426
2.62048 1.36439
2.62101 1.36452
2.62155 1.36466
2.62208 1.36479
2.62261 1.36492
2.62315 1.36506
2.62368 1.36519
2.62422 1.36533
2.62475 1.36546
2.62528 1.36559
2.62582 1.36573
2.62635 1.36586
2.62688 1.36599
2.62742 1.36612
2.62795 1.36626
2.62849 1.36639
2.62902 1.36652
2.62955 1.36666
2.63009 1.36679
2.63062 1.36692
2.63115 1.36706
2.63169 1.36719
2.63222 1.36732
2.63275 1.36745
2.63329 1.36759
2.63382 1.36772
2.63436 1.36785
2.63489 1.36799
2.63542 1.36812
2.63596 1.36825
2.63649 1.36838
2.63702 1.36852
2.63756 1.36865
2.63809 1.36878
2.63863 1.36892
2.63916 1.36905
2.63969 1.36918
2.64023 1.36931
2.64076 1.36945
2.64129 1.36958
2.64183 1.36971
2.64236 1.36984
2.6429 1.36997
2.64343 1.37011
2.64396 1.37024
2.6445 1.37037
2.64503 1.3705
2.64556 1.37064
2.6461 1.37077
2.64663 1.3709
2.64716 1.37103
2.6477 1.37116
2.64823 1.3713
2.64877 1.37143
2.6493 1.37156
2.64983 1.37169
2.65037 1.37183
2.6509 1.37196
2.65143 1.37209
2.65197 1.37222
2.6525 1.37235
2.65304 1.37248
2.65357 1.37262
2.6541 1.37275
2.65464 1.37288
2.65517 1.37301
2.6557 1.37314
2.65624 1.37328
2.65677 1.37341
2.65731 1.37354
2.65784 1.37367
2.65837 1.3738
2.65891 1.37393
2.65944 1.37406
2.65997 1.3742
2.66051 1.37433
2.66104 1.37446
2.66157 1.37459
2.66211 1.37472
2.66264 1.37485
2.66318 1.37498
2.66371 1.37512
2.66424 1.37525
2.66478 1.37538
2.66531 1.37551
2.66584 1.37564
2.66638 1.37577
2.66691 1.3759
2.66745 1.37603
2.66798 1.37617
