voidID radius(Mpc/h) ellip
2490 89.9 0.097431
2654 70.33 0.099728
1811 58.68 0.068364
3358 73.6 0.121098
509 62.76 0.059182
1054 54.03 0.132918
3304 68.15 0.059666
725 42.86 0.087607
2874 45.52 0.194493
3106 67.22 0.090806
1344 76.35 0.132212
2017 69.21 0.144662
1283 84.28 0.080061
3324 70.63 0.112106
1108 56.68 0.115231
1518 68.27 0.130572
238 63.81 0.085339
3398 48.43 0.088527
1288 50.47 0.153364
1780 54.31 0.121605
2385 45.34 0.118587
1963 67.06 0.108806
1414 59.1 0.128007
3178 46.91 0.067089
2814 48.1 0.126109
1932 75.94 0.120359
1654 57.17 0.134094
2964 58.71 0.106758
1585 76.11 0.152936
1992 53.13 0.109389
1660 59.0 0.154602
194 56.34 0.052507
1643 65.43 0.168932
1841 46.36 0.077471
206 77.69 0.080578
435 71.65 0.129084
2981 69.08 0.15416
2045 47.42 0.140305
2658 71.25 0.087459
3271 71.16 0.161629
3018 78.38 0.218778
1558 42.85 0.057605
415 54.17 0.097974
3191 74.09 0.053973
1690 56.64 0.088734
2710 56.45 0.098368
3247 59.1 0.074337
3364 74.95 0.104909
231 53.08 0.120893
2515 69.79 0.109575
813 54.19 0.084796
1515 47.38 0.107013
2468 64.25 0.144042
1707 65.21 0.173713
2265 67.85 0.12222
3377 63.84 0.143985
1287 59.92 0.080118
2975 67.56 0.052363
1055 40.48 0.081766
1256 82.4 0.133725
1432 53.05 0.137231
810 40.36 0.121723
2677 62.7 0.100578
2371 50.88 0.079193
2426 56.77 0.119313
1613 50.41 0.122897
2788 47.21 0.206907
1235 60.34 0.110302
1647 54.92 0.138824
3063 48.34 0.134284
931 63.89 0.113371
2512 49.27 0.095857
1655 94.99 0.225958
1673 62.06 0.140749
2558 73.02 0.122598
1261 56.43 0.130325
1847 43.49 0.127082
2767 62.43 0.151409
3379 79.01 0.104767
3261 44.55 0.109426
1113 56.38 0.039906
805 51.18 0.104671
1131 57.95 0.129225
2837 49.38 0.11602
233 46.89 0.140754
2050 55.65 0.112206
1543 68.88 0.127296
375 54.44 0.097871
2916 62.66 0.125242
1067 53.56 0.098836
1117 74.0 0.066697
3278 57.4 0.095217
1752 54.4 0.110064
694 82.09 0.146684
2006 49.12 0.076833
2095 51.83 0.090628
3108 55.37 0.121622
1796 58.14 0.142307
2005 46.36 0.090179
1263 55.39 0.111599
875 46.9 0.100108
530 41.66 0.119951
2920 82.18 0.092727
1380 35.89 0.076347
3435 73.41 0.090056
2676 87.6 0.044701
990 59.91 0.045673
724 39.99 0.06785
1091 62.12 0.051393
2220 60.12 0.083662
1641 38.49 0.041568
1400 70.27 0.083534
2352 66.63 0.127602
1092 48.45 0.126136
3154 78.48 0.087414
1698 43.78 0.066716
1137 52.39 0.092949
1071 44.05 0.10706
1259 60.06 0.106439
3375 55.01 0.100427
2403 42.18 0.047886
3408 49.22 0.165871
2627 47.97 0.155851
1812 46.96 0.18655
2185 45.99 0.110994
478 48.09 0.113321
2214 65.39 0.074936
2481 54.22 0.117401
460 43.89 0.124724
1970 63.49 0.138323
480 45.29 0.138611
883 56.39 0.067106
2667 66.75 0.063131
1399 36.67 0.043113
1688 52.52 0.071145
2777 65.38 0.085203
136 30.58 0.134391
239 43.32 0.10693
2912 90.95 0.124392
1233 44.97 0.146477
843 41.93 0.04426
1437 46.87 0.080042
2049 35.55 0.135719
2147 52.37 0.067144
692 47.06 0.09644
1220 67.08 0.098717
2532 36.15 0.096746
1226 74.32 0.104716
3156 51.41 0.040107
1090 38.85 0.090333
2370 42.2 0.101412
3110 54.33 0.099922
288 68.3 0.124945
180 54.32 0.195895
1718 59.16 0.126159
3197 55.11 0.077876
992 44.76 0.078939
2333 71.96 0.087658
2429 53.13 0.123336
1016 54.16 0.253737
2382 55.78 0.102084
377 47.49 0.108726
2128 50.71 0.120884
2441 45.17 0.1183
3393 55.11 0.125052
3344 48.89 0.119947
1454 45.93 0.081276
2425 31.09 0.081126
3000 61.58 0.119285
757 64.3 0.12102
612 39.75 0.134138
689 62.54 0.057654
2998 62.5 0.067636
2551 46.08 0.231863
1434 44.91 0.103362
1937 43.11 0.150687
3214 65.74 0.173992
25 25.62 0.132457
793 62.95 0.117968
275 44.91 0.108175
1910 37.37 0.099726
3341 60.0 0.124324
461 38.67 0.177413
2 28.98 0.107727
1397 69.39 0.096437
125 46.37 0.112423
767 60.11 0.081902
3097 44.68 0.148163
446 56.06 0.101604
688 46.84 0.131143
86 41.15 0.165492
2934 37.34 0.148746
1625 37.23 0.159919
3030 79.2 0.199198
274 41.16 0.153544
148 43.81 0.187868
2630 78.48 0.094928
2248 35.71 0.117306
2847 37.38 0.081355
2825 52.17 0.126285
2130 42.08 0.245269
896 64.82 0.093025
3275 52.79 0.096064
2722 58.25 0.146684
1609 30.62 0.150032
1952 52.02 0.086383
3165 58.58 0.213302
1789 49.79 0.114631
1840 43.54 0.131
1961 51.29 0.12881
3058 54.24 0.129321
528 52.58 0.1656
1788 30.08 0.112573
3127 63.91 0.114873
108 49.12 0.24104
2034 65.54 0.233403
2713 42.77 0.063885
3302 34.54 0.083303
1638 53.94 0.100969
2070 60.34 0.207892
2789 44.24 0.086665
779 57.57 0.147914
3230 52.52 0.102823
291 61.23 0.074416
3246 47.02 0.143937
2271 42.14 0.195794
2835 34.82 0.17275
1834 46.11 0.095217
2303 61.61 0.08161
827 67.21 0.127364
1858 45.08 0.244308
2113 54.42 0.090476
1038 52.98 0.114167
1052 45.94 0.099572
1200 33.29 0.129833
1931 55.69 0.163223
203 47.22 0.113015
1094 54.46 0.136616
760 47.81 0.103853
396 58.21 0.093414
3232 54.52 0.147716
2843 40.45 0.089162
780 65.55 0.093928
2471 42.48 0.132185
1670 34.39 0.139353
359 39.87 0.096831
2489 40.72 0.077723
556 48.24 0.122003
1635 44.17 0.227846
2501 52.24 0.095252
2644 38.97 0.197312
24 42.59 0.119633
582 35.62 0.117751
1160 46.7 0.137327
2990 59.76 0.086034
2300 47.95 0.129252
3084 59.2 0.102176
3071 39.9 0.154807
3357 32.97 0.14813
1574 45.64 0.133557
255 39.81 0.168477
3141 38.34 0.09779
678 56.46 0.063501
3378 33.73 0.107838
3073 37.22 0.171707
2445 49.18 0.082458
640 41.16 0.135544
3374 60.97 0.113352
1896 51.78 0.071842
3146 31.81 0.084455
3240 49.73 0.09184
1929 43.43 0.174852
449 60.58 0.053446
549 32.97 0.132536
653 41.37 0.079696
739 47.97 0.222493
954 39.16 0.073162
3251 27.3 0.117609
2747 34.56 0.093825
374 47.57 0.137153
1601 28.97 0.221763
1893 66.72 0.133035
2497 54.56 0.136624
1792 41.38 0.071587
2517 39.45 0.070468
470 57.96 0.105505
3057 44.59 0.143022
3117 39.31 0.047431
1740 49.92 0.071725
1317 72.96 0.24028
1510 57.27 0.166394
1166 36.45 0.150158
2263 55.32 0.046529
1392 56.09 0.085164
633 42.99 0.090106
1300 43.06 0.124276
1323 26.22 0.042772
2857 56.2 0.133504
2276 44.98 0.122039
3185 32.18 0.069446
2178 48.37 0.086937
1838 39.93 0.175185
2928 65.34 0.153031
1596 45.11 0.099409
2687 30.26 0.077178
1917 38.29 0.069389
1001 64.37 0.06423
2499 41.16 0.088269
942 53.76 0.069957
232 28.69 0.131384
1307 51.53 0.105873
2143 43.24 0.110575
2548 39.52 0.15961
8 41.73 0.10398
3064 62.12 0.132736
2909 62.59 0.13134
1967 36.94 0.23129
2462 29.48 0.132336
3003 48.99 0.172438
2473 41.82 0.158309
720 33.35 0.146163
342 53.06 0.120017
1746 55.27 0.147165
1534 36.24 0.108427
1867 48.25 0.144695
3283 29.63 0.140741
2740 51.44 0.118388
3067 54.73 0.099661
1851 44.09 0.141664
2927 23.5 0.186406
1553 46.73 0.106065
2010 22.94 0.045824
1172 35.65 0.07665
164 56.84 0.194663
3334 40.47 0.159824
589 49.78 0.173908
1714 32.8 0.167192
3189 46.36 0.122459
1906 26.25 0.152376
2122 47.84 0.136682
2969 52.51 0.137628
2311 52.63 0.070259
2204 40.8 0.085997
2270 35.8 0.115622
924 36.38 0.111778
1079 40.27 0.172196
1040 44.33 0.058436
1649 38.74 0.101332
2361 20.83 0.187823
1456 28.68 0.053998
1948 50.75 0.13088
2272 65.64 0.079579
1540 41.1 0.092454
1387 53.87 0.125377
1907 46.26 0.112795
1972 47.67 0.095845
1119 58.86 0.050769
1759 40.9 0.092174
1800 33.28 0.122134
1216 65.82 0.162724
1827 31.08 0.215222
2748 34.72 0.198719
3074 36.97 0.216053
932 71.88 0.174688
1995 44.25 0.112088
182 61.37 0.059036
2988 45.91 0.125882
1111 60.74 0.123495
1949 52.92 0.143823
438 38.17 0.077599
1743 36.89 0.09627
1268 33.53 0.109191
2968 37.08 0.10305
316 28.5 0.102862
2345 34.21 0.102039
2587 28.96 0.098079
2539 40.06 0.202018
1862 54.61 0.166078
1526 60.73 0.080701
1103 23.15 0.049869
2407 49.32 0.121825
1762 44.52 0.1089
290 38.57 0.097867
1243 52.99 0.121229
784 49.06 0.18124
1580 61.15 0.111546
2904 37.74 0.09662
620 45.51 0.165093
1616 59.32 0.118456
3175 44.79 0.187762
1122 47.13 0.102367
800 45.64 0.135147
1270 38.69 0.172608
1607 44.59 0.17345
3182 40.31 0.105668
770 41.26 0.118294
2305 54.09 0.076632
1049 27.48 0.071528
1787 40.88 0.079551
3310 56.61 0.111498
561 39.79 0.140517
2044 50.66 0.108587
2495 38.41 0.133289
2973 56.43 0.125208
1989 45.18 0.216263
2896 46.45 0.084217
3337 43.96 0.114216
2947 30.8 0.188029
1905 66.31 0.159409
1020 40.9 0.148987
1324 37.67 0.150023
669 65.06 0.161554
2011 44.91 0.127783
2195 35.86 0.090104
67 66.83 0.137741
991 35.0 0.082036
1369 37.7 0.156939
670 36.46 0.151231
2338 43.92 0.096558
1366 36.4 0.182079
2737 45.39 0.06957
836 40.52 0.039319
2932 42.6 0.083221
1431 39.84 0.092432
2043 39.82 0.19447
1285 44.23 0.161425
2230 31.49 0.162661
3031 22.37 0.070919
63 59.65 0.091533
2868 49.16 0.131364
2354 27.16 0.10477
1230 45.95 0.163622
2730 46.18 0.113587
2793 41.97 0.151644
2718 65.65 0.10155
1822 52.45 0.150647
1213 62.31 0.07561
934 24.81 0.13912
539 58.57 0.143115
3213 32.97 0.184357
276 39.45 0.105262
2096 28.14 0.130537
938 43.76 0.160324
3055 25.22 0.146769
1602 24.61 0.108752
2945 33.62 0.15788
2356 51.61 0.115025
3384 38.36 0.187486
1462 24.25 0.103191
975 27.92 0.118412
1881 45.85 0.147244
671 42.39 0.115245
1871 46.75 0.116935
2972 32.4 0.184817
2812 40.51 0.154533
91 58.34 0.100383
474 58.84 0.225809
90 61.19 0.15374
234 43.03 0.152527
1557 49.19 0.130333
3342 25.84 0.161443
748 49.38 0.117977
3265 39.91 0.061361
3090 48.67 0.098312
1359 47.89 0.089063
2001 33.03 0.096313
1983 55.16 0.096406
457 43.03 0.090449
3425 28.04 0.130417
1037 46.28 0.099984
3345 27.55 0.147387
1138 54.11 0.124061
2326 32.81 0.164127
853 43.84 0.09419
2600 61.05 0.079477
532 41.79 0.108238
927 33.68 0.151442
2366 30.06 0.147915
2118 45.16 0.079276
263 45.83 0.117421
2599 32.44 0.072412
868 53.92 0.068724
2568 46.83 0.111665
693 32.86 0.223229
3402 62.32 0.144387
367 36.21 0.091788
3226 37.24 0.102923
3114 38.89 0.19225
1034 46.61 0.070357
201 25.04 0.149264
1177 52.57 0.063351
1702 47.16 0.105016
3424 43.96 0.06135
1048 37.95 0.156619
2307 47.67 0.131753
906 33.55 0.265578
1349 36.01 0.080703
812 30.87 0.169443
2240 49.71 0.209782
3120 58.62 0.209241
98 62.03 0.03339
2557 40.39 0.159711
451 41.84 0.154459
2025 24.89 0.155524
2243 40.58 0.144633
1791 38.81 0.056386
2235 32.48 0.043165
173 45.1 0.124286
895 61.36 0.159807
49 29.76 0.196331
3176 51.45 0.084328
3443 45.85 0.069687
519 49.51 0.126173
1629 43.65 0.124505
2061 49.66 0.064366
405 38.54 0.115799
285 44.98 0.139774
225 37.31 0.147266
2111 45.56 0.054578
3011 64.38 0.128995
1922 41.08 0.174183
3037 25.0 0.209584
3103 33.45 0.286861
2821 37.14 0.09671
2869 27.3 0.152986
2436 44.85 0.061364
1671 40.59 0.073562
2132 40.23 0.140035
2798 25.24 0.073078
2984 47.05 0.191603
851 40.26 0.226324
554 38.4 0.146552
2094 27.88 0.133257
974 37.65 0.199402
3094 49.87 0.178051
1726 46.03 0.109269
745 35.23 0.104461
419 28.56 0.086213
364 49.05 0.123283
1646 36.64 0.123277
1486 37.38 0.081126
2601 54.18 0.080458
3220 43.84 0.089848
1821 49.74 0.127838
801 36.18 0.103577
1969 43.08 0.12579
878 34.55 0.117487
628 35.53 0.078153
325 40.8 0.126591
2373 37.04 0.158751
3124 31.81 0.134027
56 57.42 0.11578
2496 26.11 0.150511
1232 41.19 0.100669
2509 35.5 0.119259
300 27.35 0.119683
830 39.92 0.14683
642 43.21 0.098135
1807 41.5 0.093693
1047 60.16 0.102296
3451 25.13 0.114439
3047 47.14 0.157874
3446 39.98 0.117163
84 44.71 0.110211
3101 40.26 0.083678
996 41.0 0.104972
1085 22.95 0.117343
2564 36.85 0.11254
1773 38.6 0.111161
1116 43.28 0.110316
329 45.76 0.055038
378 31.8 0.122238
2129 36.32 0.219253
1195 34.54 0.076135
661 39.13 0.083522
311 23.73 0.180826
3273 35.38 0.100742
2598 37.24 0.048473
215 30.64 0.107057
2848 58.31 0.093077
3078 49.42 0.155775
1239 33.42 0.163825
1567 32.57 0.098158
2008 33.84 0.152541
2351 32.93 0.14475
3429 41.72 0.140381
1133 36.67 0.114563
1290 37.08 0.06891
1146 48.28 0.094972
3387 34.08 0.242358
2743 37.92 0.116935
3448 36.07 0.041603
2997 38.68 0.194091
2625 37.3 0.138617
3320 25.99 0.059913
2253 30.94 0.170294
501 43.16 0.105306
821 37.57 0.086307
972 33.6 0.110766
1371 43.12 0.091256
267 57.06 0.160853
284 42.37 0.101233
1861 28.22 0.152
129 33.96 0.083662
3234 28.84 0.072193
961 31.43 0.091048
1611 45.5 0.108909
540 23.78 0.101185
2487 36.13 0.123773
1527 33.11 0.139784
3148 47.28 0.138158
2919 53.26 0.126863
1507 40.64 0.082058
153 42.33 0.128002
189 34.68 0.1223
3198 39.64 0.11384
1495 27.73 0.105933
440 52.29 0.166139
2301 33.42 0.100594
708 17.09 0.157137
2218 28.35 0.139837
1007 26.23 0.172138
2914 37.73 0.033218
2903 68.26 0.108125
988 35.21 0.112679
3277 42.45 0.146967
1925 38.87 0.022485
502 32.86 0.150457
1425 37.23 0.225427
85 39.88 0.089625
1250 39.34 0.122287
2933 45.07 0.118806
1722 36.88 0.139453
764 27.04 0.080461
2692 42.68 0.127543
2590 46.97 0.113431
3422 58.42 0.129031
400 48.25 0.221903
1653 53.73 0.1462
1141 55.02 0.163641
686 45.71 0.198893
2773 60.17 0.117239
52 29.01 0.156218
555 37.97 0.129423
18 34.72 0.209642
2733 42.8 0.101772
1591 30.17 0.069495
332 57.32 0.152598
2274 39.81 0.122522
1182 37.72 0.072797
2616 44.29 0.183469
1849 45.9 0.161799
261 34.81 0.19958
3032 55.87 0.133253
2454 36.96 0.133809
2529 43.29 0.094495
1767 45.68 0.097013
1854 43.67 0.168452
1271 27.38 0.110227
2289 39.43 0.129994
1731 18.55 0.112286
221 47.52 0.179057
2213 35.47 0.323964
1664 42.97 0.156838
2505 48.36 0.169623
3335 44.83 0.113159
2745 44.78 0.103076
1921 34.75 0.146903
3025 33.82 0.106969
279 33.86 0.138731
3217 41.18 0.117041
1974 26.95 0.170937
3376 48.54 0.111833
3221 36.98 0.127123
1901 46.33 0.145905
3412 24.52 0.153199
496 59.42 0.114354
456 37.31 0.123786
2329 34.57 0.109927
386 30.61 0.192429
2393 26.65 0.125677
833 50.61 0.217031
1864 51.28 0.139366
2054 43.28 0.100719
3135 32.43 0.140863
886 24.34 0.187398
1603 44.71 0.162105
254 25.14 0.108373
1012 27.31 0.141397
1525 30.34 0.316188
2770 30.59 0.108678
1461 33.9 0.118935
196 27.24 0.12671
64 48.42 0.08666
3250 39.16 0.246302
1409 30.16 0.177839
1918 40.95 0.127789
2742 42.84 0.237564
971 52.86 0.101378
2027 21.17 0.179741
2343 26.84 0.118949
2640 48.22 0.191358
595 46.94 0.146427
662 33.38 0.07877
2621 28.87 0.152373
3036 47.09 0.110485
2513 33.29 0.133114
1031 37.67 0.205053
1360 54.8 0.145978
2634 37.78 0.113119
1080 44.45 0.157917
503 40.13 0.076808
3129 44.93 0.038058
1741 59.78 0.12692
958 42.97 0.126127
2066 39.77 0.134388
2660 51.8 0.150159
872 38.18 0.107312
2275 41.95 0.106433
3454 36.98 0.171394
1784 46.62 0.061888
2201 16.13 0.188124
828 26.44 0.211762
2493 43.3 0.141278
950 40.94 0.14378
837 41.08 0.127542
1319 43.45 0.126398
3281 38.14 0.08093
2691 25.64 0.13001
3028 43.52 0.075448
2939 51.56 0.090885
857 35.54 0.123517
283 34.51 0.23046
3105 39.43 0.256923
3325 47.62 0.116133
1471 30.32 0.085666
2492 26.39 0.112043
1476 44.91 0.143401
1628 37.62 0.1213
1801 32.27 0.167464
826 36.32 0.146776
1813 34.05 0.152241
2672 39.65 0.073393
3145 39.74 0.130213
834 38.92 0.168524
2052 36.65 0.126391
1440 47.41 0.058152
306 34.24 0.09167
418 23.89 0.14645
1006 28.68 0.072436
1761 35.86 0.103255
3048 42.92 0.134798
2012 42.1 0.105345
1215 65.81 0.141754
2175 41.71 0.141694
366 23.35 0.161542
437 35.0 0.095327
202 31.54 0.097732
1279 40.55 0.096154
903 49.94 0.133166
2523 34.7 0.105274
2089 47.07 0.109388
778 34.44 0.105875
1968 53.09 0.128869
1305 28.81 0.121361
3399 28.28 0.072549
1669 43.48 0.122619
12 50.96 0.122431
1309 27.64 0.071213
2047 32.11 0.10875
1281 38.61 0.16127
3087 35.35 0.232896
1050 26.07 0.095918
888 24.77 0.094449
1377 37.7 0.138125
973 54.29 0.178006
55 42.75 0.104938
3116 28.36 0.097062
2693 35.5 0.082098
2217 40.43 0.117521
71 24.68 0.074079
3256 55.19 0.182445
1617 43.56 0.115313
2723 28.36 0.20493
3313 36.14 0.169225
508 38.57 0.126137
1869 30.17 0.205963
1577 39.36 0.137342
2756 50.89 0.182422
1203 34.92 0.106971
3245 38.24 0.228604
2148 34.06 0.197839
2377 32.59 0.14577
1888 33.37 0.131533
1803 43.96 0.102977
2526 29.59 0.134255
944 37.81 0.158577
2566 60.19 0.131045
1460 39.0 0.221947
2570 40.92 0.148381
2994 37.76 0.137278
1776 30.98 0.106886
1814 49.72 0.140486
947 29.72 0.178149
1709 42.9 0.081605
1329 46.67 0.130766
885 30.05 0.258162
1443 56.48 0.086015
985 53.43 0.129629
1939 30.57 0.151443
935 38.97 0.138436
866 30.36 0.046598
1269 36.94 0.085603
3381 32.72 0.148094
3260 32.59 0.245608
1209 46.61 0.083268
3007 28.71 0.107391
2721 26.85 0.136048
467 40.07 0.104351
765 34.16 0.104583
149 40.72 0.206737
565 61.52 0.079907
1028 17.74 0.166689
2617 32.14 0.131422
2608 39.02 0.051133
1542 42.65 0.141304
2917 44.12 0.120917
3004 27.96 0.174733
114 30.77 0.130929
2663 45.45 0.124436
1148 23.09 0.162805
2615 35.6 0.087113
3280 33.61 0.141453
2867 43.71 0.108477
384 33.35 0.169653
2775 48.93 0.160995
105 33.24 0.118463
2491 42.14 0.138055
605 46.16 0.076372
3338 38.68 0.151091
2224 36.16 0.120891
2895 36.0 0.157717
2083 35.21 0.207487
407 47.64 0.157784
2236 32.3 0.150314
379 23.65 0.090629
594 36.48 0.110356
2829 24.11 0.171464
1802 29.24 0.209187
2368 35.79 0.131888
652 41.38 0.107777
864 25.87 0.154925
955 36.5 0.101485
2561 38.78 0.161898
1318 50.21 0.114881
3431 20.14 0.138825
2126 37.05 0.125906
242 37.85 0.152573
3416 46.54 0.122686
171 31.14 0.139243
2757 44.26 0.148734
472 39.06 0.074629
2424 60.41 0.174421
3223 25.89 0.074004
2334 25.98 0.162908
80 29.18 0.130078
1240 39.92 0.086293
212 34.86 0.212094
334 36.23 0.1888
918 38.24 0.097992
376 39.66 0.233721
2181 32.81 0.151475
683 38.44 0.1376
1180 26.56 0.112697
2612 30.15 0.163343
3382 34.13 0.12384
572 29.1 0.052706
2048 42.19 0.126258
3219 26.9 0.209873
3254 27.23 0.084956
1014 35.06 0.086728
2623 39.85 0.098382
741 53.71 0.066106
380 44.09 0.037837
970 35.55 0.145477
2828 44.41 0.132163
2940 33.03 0.146466
663 50.1 0.108143
1194 25.42 0.276412
1447 28.42 0.117038
2619 24.52 0.187605
389 32.87 0.105988
2442 20.86 0.2468
1162 39.7 0.13774
1077 46.14 0.236784
1382 28.65 0.109955
3267 43.3 0.078694
159 43.95 0.177686
2728 41.04 0.20187
2961 58.03 0.106809
3286 40.35 0.155075
2362 40.29 0.200211
2716 29.01 0.078093
2806 16.85 0.234378
2363 29.86 0.139778
2360 18.8 0.126665
914 55.53 0.103683
17 34.53 0.118197
2159 27.71 0.110728
2173 41.15 0.319843
2689 43.21 0.171932
93 27.41 0.133298
2376 29.97 0.141363
1711 31.07 0.19362
674 23.24 0.125906
2854 32.64 0.192202
6 42.85 0.096929
587 30.18 0.138889
2724 68.31 0.148086
989 43.09 0.116343
794 25.22 0.124375
1903 28.89 0.070358
2647 30.91 0.111077
957 23.84 0.231051
521 28.3 0.119248
2415 33.87 0.099238
889 22.7 0.153718
2636 36.08 0.089209
1552 26.01 0.188135
2805 50.25 0.196786
423 33.02 0.196025
2123 43.98 0.104784
814 33.09 0.144491
1429 40.43 0.109068
1424 36.78 0.198899
2772 40.1 0.164695
775 32.4 0.130875
1957 38.18 0.153582
1742 46.95 0.076498
2609 29.48 0.110578
2993 24.36 0.131513
2946 43.99 0.123144
1208 39.67 0.109659
2419 36.54 0.074658
606 29.97 0.139726
664 28.35 0.180235
186 35.68 0.177426
2381 43.68 0.121686
398 43.26 0.081999
696 47.97 0.111689
3130 24.38 0.257563
2081 37.03 0.128117
993 36.07 0.20318
2575 28.86 0.178697
2741 38.0 0.225396
1691 42.55 0.245217
1000 21.86 0.177702
1522 27.4 0.177921
1953 21.32 0.121112
1878 25.84 0.281484
211 31.34 0.236238
3054 33.83 0.214111
3059 34.03 0.149854
3365 37.82 0.127058
3113 35.07 0.165779
1632 34.6 0.158682
2953 39.04 0.102758
2180 36.31 0.139085
2291 44.25 0.121807
636 20.61 0.10794
2577 31.53 0.07606
2900 32.62 0.201371
1368 39.72 0.149844
1421 38.42 0.119511
319 33.66 0.066568
838 46.25 0.150701
907 40.78 0.072284
1825 24.05 0.163439
101 23.63 0.244305
1093 39.7 0.208838
3426 45.01 0.122667
3227 35.98 0.089386
1135 52.95 0.148129
604 37.83 0.092113
199 37.67 0.104422
877 32.53 0.244602
714 38.37 0.076716
2574 35.84 0.152291
1984 34.38 0.1854
1212 27.26 0.153973
763 15.0 0.401929
2700 58.56 0.154807
1940 33.74 0.177288
562 32.45 0.097792
1132 39.14 0.085046
2763 26.1 0.196602
268 37.76 0.085109
390 44.95 0.102154
861 22.71 0.135038
2906 37.56 0.088028
1398 33.33 0.244859
2782 27.64 0.179196
603 44.02 0.126823
3112 43.71 0.126469
2797 31.06 0.152946
1677 22.04 0.161491
3042 41.1 0.061065
3100 29.3 0.139596
323 39.63 0.059584
601 28.06 0.08315
40 41.89 0.023477
179 29.09 0.127841
2295 34.95 0.146155
2880 35.67 0.057909
138 15.46 0.271502
264 33.1 0.074566
1503 26.69 0.189836
1717 24.21 0.189543
411 28.26 0.165476
2549 33.18 0.149689
3292 33.92 0.100295
2929 36.49 0.192706
2720 44.06 0.094654
1713 41.98 0.088586
236 37.96 0.160229
3296 27.94 0.080586
2059 36.79 0.228478
2014 25.52 0.067029
4 30.1 0.20675
2310 31.73 0.092084
1265 56.35 0.094088
2820 35.71 0.189897
3133 33.95 0.093662
2260 24.91 0.098627
385 31.36 0.182783
185 23.66 0.115607
1008 29.44 0.144844
3021 43.62 0.123026
387 37.85 0.274518
1023 21.4 0.186119
2678 45.43 0.226044
2422 16.19 0.257892
174 42.31 0.160681
1656 42.34 0.185068
1763 42.91 0.138862
312 45.89 0.139892
3061 30.23 0.129135
42 33.48 0.17877
571 30.33 0.101758
1106 29.66 0.117223
1063 40.06 0.156133
1444 36.13 0.091998
2169 40.02 0.127753
3428 27.73 0.07526
1556 39.21 0.226453
3306 31.49 0.208425
2898 31.37 0.13474
3249 40.07 0.09061
2250 36.88 0.117898
2696 42.61 0.154043
1882 29.26 0.089907
3367 34.9 0.219003
82 29.0 0.094037
1043 50.8 0.100596
2872 43.53 0.087221
2855 31.21 0.152784
498 44.19 0.191286
1651 17.08 0.232908
1299 41.94 0.146685
2267 47.01 0.104062
1140 38.47 0.10684
774 43.76 0.081573
772 45.26 0.121034
2645 22.23 0.199516
243 49.0 0.22023
431 40.05 0.126795
2588 44.21 0.089496
768 25.77 0.092509
859 22.22 0.134217
2951 26.26 0.115018
2753 26.33 0.155736
2657 32.74 0.110603
2238 34.95 0.069267
3212 35.46 0.138038
1560 40.66 0.081919
2834 46.37 0.122803
3386 33.98 0.172124
2553 36.38 0.089192
3266 27.77 0.131485
218 35.16 0.164192
964 45.75 0.129715
1630 25.99 0.084219
3346 49.35 0.181316
450 40.39 0.056886
2800 33.73 0.135348
1056 28.95 0.121563
1920 49.54 0.107117
2112 35.67 0.172034
2840 42.94 0.1458
2922 33.65 0.103458
1513 28.99 0.065477
1942 35.43 0.209073
2157 31.05 0.123987
3005 40.56 0.201987
1772 23.94 0.103857
3205 22.36 0.133959
273 31.27 0.136158
1837 33.84 0.267784
2187 35.06 0.154381
646 33.57 0.200047
1559 22.02 0.153461
631 39.6 0.117861
1427 36.02 0.122903
623 35.96 0.051488
1734 32.87 0.112505
3060 17.29 0.224352
1059 29.38 0.161405
3163 37.03 0.104783
307 25.11 0.155656
1273 55.32 0.118537
427 39.62 0.198655
1087 30.35 0.065105
880 33.42 0.151435
2344 28.22 0.163781
445 49.59 0.073498
330 18.27 0.22023
1856 42.64 0.209749
214 20.55 0.216489
2595 14.72 0.143928
3383 28.46 0.075217
2410 32.69 0.1497
1316 24.14 0.190177
1123 34.16 0.098702
517 36.2 0.106163
2808 34.54 0.199008
2871 40.34 0.180915
1197 42.78 0.090937
3181 41.12 0.179354
146 39.71 0.09123
3174 41.26 0.212818
649 39.31 0.113249
2378 33.9 0.104064
2986 30.59 0.081908
541 31.38 0.126402
1964 22.75 0.206164
997 45.7 0.124537
2192 37.31 0.140736
1017 33.05 0.124645
584 29.58 0.125216
2136 23.64 0.171207
1428 34.14 0.07567
1541 33.04 0.090535
2766 27.39 0.205301
1519 43.25 0.318867
1644 33.76 0.132927
3209 45.06 0.115015
350 29.02 0.117065
2802 37.99 0.181676
2641 28.04 0.085168
1785 41.09 0.032928
2502 23.33 0.244108
1099 39.49 0.138017
3016 17.92 0.163612
2714 32.98 0.05584
2057 33.14 0.085965
370 40.96 0.123445
3153 34.5 0.179122
2849 15.91 0.198423
2339 34.12 0.167093
2309 28.76 0.109214
130 32.63 0.138127
76 43.7 0.093086
901 31.51 0.151299
1229 40.18 0.104768
3109 39.68 0.154494
2127 16.94 0.247715
1700 31.3 0.09009
2699 54.57 0.151553
433 22.26 0.144986
3079 31.78 0.109306
1015 48.94 0.193239
280 29.26 0.109342
2293 29.44 0.062097
1863 24.43 0.126649
3002 13.91 0.078457
1750 37.46 0.15944
3167 20.11 0.233708
641 28.55 0.175681
2140 38.34 0.17933
1125 28.98 0.232061
128 15.53 0.256547
2056 42.36 0.121643
3404 47.94 0.189606
1032 22.11 0.235561
1482 35.03 0.051515
1913 25.36 0.083125
611 32.71 0.18194
1572 30.74 0.12241
3440 21.53 0.147957
1576 44.06 0.147472
617 23.62 0.161689
676 47.75 0.107964
371 34.68 0.179553
305 33.68 0.143927
3279 30.15 0.150937
1044 45.69 0.187093
2357 27.36 0.10576
1206 20.94 0.105736
244 34.25 0.190163
2705 27.27 0.125118
2388 27.61 0.094459
1328 22.79 0.23143
3434 33.06 0.129388
2648 39.09 0.110877
2278 35.99 0.284946
1693 55.62 0.099369
2475 27.24 0.130057
3010 32.31 0.131537
2833 24.62 0.15598
1563 24.25 0.181749
31 30.73 0.103172
743 25.81 0.122949
995 29.16 0.07229
2659 51.95 0.123931
2942 37.59 0.145637
2032 34.84 0.154685
205 35.57 0.105105
3170 13.99 0.190112
1626 57.92 0.056696
442 24.76 0.078699
1549 23.76 0.179469
858 29.8 0.150867
806 37.97 0.174932
426 39.48 0.164195
2242 20.41 0.191035
546 22.7 0.128945
365 32.71 0.314059
1550 23.28 0.105123
1362 31.11 0.12824
1170 16.87 0.216859
703 58.68 0.123062
68 17.91 0.316601
590 36.12 0.028038
2486 18.96 0.401718
1295 49.0 0.191147
1449 29.56 0.136649
1470 46.31 0.090605
1755 23.07 0.121029
776 14.45 0.348234
1 31.41 0.127791
1383 24.69 0.10555
1492 39.15 0.174315
520 28.81 0.23762
1112 17.06 0.154235
3348 34.47 0.315765
626 38.52 0.154481
3285 32.46 0.167152
2883 24.18 0.162058
3311 23.21 0.074962
1185 47.1 0.097317
2944 32.08 0.098832
667 34.65 0.132483
1817 26.67 0.14501
1062 24.22 0.116144
147 38.44 0.09271
1412 36.42 0.096222
687 42.23 0.196472
1606 34.68 0.123188
579 36.35 0.135196
1947 44.58 0.218597
1845 45.56 0.129734
2463 37.8 0.066295
66 28.51 0.14158
118 28.39 0.193394
610 25.33 0.206139
1954 39.0 0.13129
2538 41.95 0.254917
1986 38.58 0.167844
1181 27.56 0.154068
28 28.57 0.146898
3328 32.57 0.129753
699 54.34 0.182873
1068 50.66 0.122165
3147 15.05 0.274451
1909 20.29 0.200932
2779 28.9 0.08712
1096 55.91 0.229172
1315 34.6 0.142399
3107 46.36 0.066055
3332 37.21 0.190895
2257 34.86 0.09259
1225 26.38 0.173271
35 19.66 0.115614
1426 23.12 0.215732
429 45.61 0.103202
1121 42.92 0.08289
1073 26.91 0.117069
1790 52.89 0.088982
673 33.5 0.185364
2458 35.7 0.139306
417 35.45 0.134029
894 23.07 0.15079
2353 29.46 0.140566
1310 44.35 0.098459
2074 36.76 0.132424
337 29.71 0.149491
313 18.99 0.174913
2380 28.96 0.22591
3066 32.96 0.15444
2080 45.42 0.196043
48 37.24 0.12579
302 31.42 0.244052
1859 35.85 0.16037
1251 39.53 0.102227
2758 36.93 0.167788
2223 45.16 0.145566
1783 32.05 0.19207
126 39.19 0.149704
2395 27.63 0.142151
1021 28.61 0.092116
295 32.12 0.142937
1356 25.48 0.1774
2891 40.44 0.181823
759 28.92 0.260497
840 21.12 0.210144
1551 33.46 0.132308
2974 36.1 0.208905
252 44.34 0.161328
2319 25.05 0.163022
1069 38.58 0.186501
2738 22.11 0.194546
1706 18.54 0.206014
1586 22.98 0.143909
321 30.13 0.160741
682 39.35 0.172801
160 35.01 0.152239
3072 26.17 0.133933
815 30.38 0.138682
2771 32.61 0.193119
2780 44.37 0.130665
3336 37.9 0.167866
2100 24.12 0.088541
1661 35.7 0.102754
92 33.55 0.167408
271 38.59 0.073713
454 43.54 0.153567
884 29.82 0.17817
78 29.76 0.103757
100 37.12 0.185301
2190 33.14 0.097173
47 32.82 0.133174
1321 50.96 0.162166
1186 33.72 0.093505
2967 27.1 0.102788
2114 30.16 0.210388
550 39.56 0.085517
2071 48.47 0.147144
39 33.19 0.090538
476 22.92 0.241301
1946 38.49 0.139374
296 36.42 0.163859
1829 24.49 0.066057
2087 33.1 0.208728
2039 22.45 0.17346
1450 26.44 0.151048
3248 23.81 0.210599
2846 28.03 0.160442
1820 48.14 0.188887
1053 31.23 0.163057
3366 39.14 0.233681
644 36.29 0.152307
1151 23.62 0.185875
1033 20.52 0.08156
340 42.44 0.150904
824 32.55 0.148427
2000 32.56 0.149197
10 20.94 0.184601
928 21.84 0.168628
672 20.81 0.213253
573 28.98 0.103158
327 34.93 0.132138
2258 31.09 0.064985
1098 36.71 0.228611
2886 41.03 0.111585
1293 19.38 0.260904
1998 35.86 0.164447
839 36.49 0.144087
1345 25.9 0.175238
2562 34.35 0.101081
3126 38.3 0.092846
245 27.26 0.110561
358 26.18 0.079767
1127 31.16 0.106175
421 10.36 0.313135
207 26.01 0.08525
2308 40.66 0.157182
2261 22.44 0.141368
247 37.59 0.171229
2680 28.09 0.221409
2434 35.68 0.164758
749 35.35 0.158273
13 40.34 0.144811
729 28.76 0.14847
2320 43.24 0.120741
2511 24.77 0.13792
1491 32.12 0.179683
1620 28.65 0.122763
246 36.13 0.255162
187 32.79 0.253048
1110 38.55 0.190213
566 20.73 0.225176
1084 34.15 0.099619
820 33.64 0.162603
2769 35.0 0.082433
3326 40.67 0.150284
1474 22.38 0.216988
1372 26.89 0.100195
3164 36.99 0.166678
2457 19.8 0.167924
616 18.1 0.13574
1174 43.17 0.129867
3329 17.75 0.077767
2649 27.99 0.098275
57 15.71 0.336104
184 26.19 0.143861
3392 43.01 0.140402
2131 19.83 0.257271
2759 36.84 0.102306
1058 43.82 0.132818
2518 24.4 0.210672
841 33.87 0.14737
1529 32.69 0.179783
322 33.88 0.085703
1423 25.17 0.13134
3270 22.38 0.181808
2639 50.32 0.085232
1810 45.74 0.144045
1157 35.37 0.135605
1129 18.92 0.127314
209 41.93 0.195275
1278 28.34 0.160997
1674 37.07 0.223367
892 24.31 0.261239
3162 28.69 0.201522
733 49.17 0.152716
2602 36.93 0.131797
2485 17.6 0.218769
1255 29.91 0.181167
281 38.64 0.080919
1697 23.69 0.131771
1760 37.46 0.152015
227 30.72 0.166299
2069 43.95 0.087329
651 35.68 0.102355
2877 17.88 0.180411
299 22.11 0.207859
679 36.66 0.162127
1245 31.97 0.206585
1292 35.15 0.102373
2145 29.23 0.138114
2158 37.83 0.112397
1850 39.97 0.173246
796 22.48 0.093191
1876 38.75 0.101208
483 39.23 0.059497
1072 44.22 0.104612
2987 36.2 0.208127
658 37.56 0.122709
2764 26.98 0.245365
899 21.17 0.17845
2923 22.08 0.160735
1879 20.56 0.162567
578 24.83 0.247833
3264 40.51 0.127543
1736 20.99 0.143918
1236 29.75 0.201546
2102 24.5 0.086054
1024 25.09 0.197021
3082 25.52 0.071891
2232 48.31 0.204342
1699 12.5 0.174286
1130 43.27 0.140007
1002 33.16 0.158187
347 19.27 0.192115
1898 21.38 0.240475
1748 15.61 0.127071
2110 39.18 0.132988
911 26.31 0.066614
737 38.08 0.145999
2284 31.25 0.128743
3442 35.69 0.139398
625 30.04 0.17271
2483 24.07 0.150569
1637 37.75 0.25842
2864 29.74 0.116894
224 24.63 0.126615
1936 25.96 0.150629
627 32.19 0.098832
1927 21.97 0.147387
545 19.88 0.254815
1575 26.79 0.196551
645 28.66 0.306947
3300 10.86 0.579499
2283 26.9 0.164208
2899 24.8 0.162447
791 20.57 0.133861
2164 35.93 0.134938
685 37.49 0.100367
3369 30.69 0.072276
1884 35.09 0.134498
1846 32.53 0.118022
1488 39.81 0.199989
1214 16.13 0.227554
3169 38.9 0.181356
2996 29.17 0.077153
876 26.52 0.198912
1272 28.91 0.177953
3432 35.84 0.082472
1799 30.5 0.048502
2171 25.09 0.165854
1956 14.53 0.141216
241 34.31 0.095856
3122 34.87 0.219996
2708 39.96 0.111078
2856 20.25 0.213926
2762 27.63 0.119539
1187 27.36 0.178909
1524 44.81 0.102422
61 37.96 0.196771
2673 13.73 0.222155
1248 33.43 0.112103
1621 32.06 0.136549
410 42.89 0.152333
553 34.66 0.040283
1009 17.36 0.185729
3051 27.35 0.120453
1615 32.18 0.11242
3297 48.31 0.065524
777 25.68 0.098132
1835 32.14 0.076506
1441 25.29 0.166342
941 44.88 0.154876
1035 34.19 0.126889
1041 16.08 0.111358
1402 34.91 0.118417
1500 28.45 0.167789
2924 30.61 0.094773
2239 33.87 0.110181
3439 24.58 0.217489
2412 37.72 0.072057
409 29.04 0.145312
1598 55.25 0.145361
1154 30.3 0.133846
1418 40.23 0.154568
486 30.19 0.161265
1030 32.44 0.208935
2105 35.92 0.189445
586 40.04 0.168594
38 18.19 0.183694
2467 31.77 0.179338
1483 35.83 0.106838
732 46.78 0.071455
978 21.5 0.246768
2125 36.12 0.151888
1583 23.26 0.285962
920 28.57 0.136772
32 36.23 0.276419
3040 39.5 0.143291
750 36.47 0.150096
3056 35.07 0.187001
1930 27.07 0.1293
1860 26.76 0.287585
1223 35.2 0.128406
1993 26.51 0.254404
3215 27.22 0.148149
803 32.44 0.039754
127 37.3 0.168375
2168 36.04 0.223372
2414 30.87 0.171154
107 24.52 0.229266
3222 29.29 0.153583
1386 25.36 0.134453
1768 40.1 0.119093
361 39.63 0.109689
14 24.59 0.171622
2948 22.6 0.158605
1902 41.18 0.178671
1376 23.76 0.129657
2084 15.95 0.206636
2893 18.28 0.171215
1805 28.61 0.107386
1887 49.78 0.23837
2791 22.05 0.153442
3253 23.38 0.133458
1883 22.98 0.22978
1389 31.4 0.20637
1573 29.01 0.098652
3390 30.48 0.098995
70 41.75 0.055158
3389 15.67 0.23009
548 40.5 0.172898
1168 47.14 0.218578
786 38.91 0.155866
1695 25.78 0.103047
3308 14.4 0.281263
249 42.61 0.252321
613 19.24 0.125932
1416 53.56 0.194545
905 35.8 0.121114
2811 38.3 0.212376
2712 30.57 0.079682
2842 36.05 0.203172
3046 27.34 0.132731
1219 28.02 0.081225
2804 36.62 0.127597
2635 24.75 0.250815
414 29.25 0.161793
1244 40.23 0.162723
2324 26.24 0.228927
3301 20.16 0.150399
1163 22.08 0.093025
1218 35.92 0.119229
2202 35.81 0.160165
1555 16.69 0.194516
1439 24.29 0.231242
1435 18.03 0.182111
3257 39.03 0.111283
744 21.51 0.139279
1136 27.74 0.220081
654 19.2 0.303118
336 24.46 0.095698
893 36.5 0.244735
2431 22.86 0.118665
368 30.57 0.18108
804 34.83 0.123961
607 33.15 0.141415
898 30.34 0.143662
1554 42.01 0.098594
1354 27.92 0.119101
177 17.46 0.152064
1242 49.04 0.074217
3187 23.56 0.084874
2650 41.11 0.081337
2801 38.31 0.073444
3331 25.37 0.149725
1652 37.28 0.124576
3045 27.64 0.163928
3294 25.95 0.101606
412 42.14 0.131396
3006 17.2 0.193951
226 43.38 0.215622
1448 32.39 0.199743
1264 38.2 0.175549
1692 42.52 0.118582
2611 33.33 0.145289
2908 40.8 0.106982
1472 35.15 0.129718
2262 31.3 0.238323
3415 40.14 0.123172
1267 32.49 0.177425
3330 42.91 0.114428
3391 24.77 0.287129
3316 22.61 0.160399
1363 40.39 0.193418
1468 40.0 0.15987
181 33.99 0.234922
3019 44.46 0.1499
2620 17.17 0.204043
960 31.16 0.086755
1446 27.35 0.182484
3430 41.89 0.094579
2117 24.05 0.154185
1504 32.31 0.082715
2671 29.14 0.118837
2655 32.03 0.122125
1060 34.35 0.104795
1686 20.56 0.083417
2396 34.53 0.144341
965 35.48 0.140306
2030 16.12 0.164745
2247 22.7 0.156182
984 23.42 0.260886
702 15.35 0.243621
2137 34.28 0.252505
2469 24.37 0.114501
3096 43.03 0.16831
269 22.59 0.18371
497 36.32 0.241749
915 21.15 0.159969
845 31.55 0.12467
1889 20.62 0.146427
544 17.01 0.252972
2222 28.79 0.225555
2026 33.55 0.184358
2172 39.67 0.187878
719 30.94 0.131469
2227 17.34 0.125556
81 17.7 0.198544
3445 31.29 0.135875
680 15.46 0.225409
3290 20.06 0.201544
2064 22.56 0.221171
362 35.86 0.085725
3333 22.14 0.127251
1254 27.38 0.177838
3385 34.76 0.209131
2331 32.02 0.093452
2573 36.67 0.13678
3088 35.05 0.065215
2554 26.36 0.189804
1046 50.54 0.142259
1978 23.64 0.188455
135 38.86 0.215243
2085 30.08 0.271786
11 30.08 0.149909
2398 29.17 0.147643
2234 20.6 0.06929
542 18.78 0.146503
3436 34.43 0.135439
3394 19.93 0.158531
1238 14.12 0.417778
1479 34.37 0.094362
2009 21.52 0.15457
1675 18.39 0.129151
2832 22.63 0.107062
2784 34.73 0.125162
2228 23.72 0.091524
1493 27.5 0.126917
1332 40.15 0.129104
2836 24.67 0.219022
161 32.72 0.17161
3062 31.96 0.148885
1753 35.65 0.239881
1751 32.03 0.166909
2736 26.26 0.087957
1057 32.21 0.140886
2375 47.04 0.083492
150 38.69 0.183886
1725 36.55 0.136067
1547 36.73 0.148495
2138 21.84 0.140912
1996 45.01 0.125271
3075 29.18 0.126042
3200 22.86 0.132489
1769 28.19 0.118083
2446 26.93 0.089891
609 28.2 0.068301
1544 34.92 0.168959
1481 21.05 0.267908
921 26.93 0.075369
51 33.79 0.1709
2348 22.29 0.217153
455 30.18 0.096475
721 35.84 0.2298
2785 25.84 0.059855
782 31.95 0.142402
2527 29.55 0.082358
1003 34.63 0.180593
758 37.72 0.178471
1458 27.28 0.153385
639 34.39 0.11093
1336 33.25 0.139345
951 37.21 0.165957
346 34.46 0.182894
3012 28.25 0.168297
558 28.82 0.184351
3318 29.43 0.14863
2845 26.75 0.131603
2472 33.56 0.254637
487 26.22 0.186145
286 25.16 0.179708
320 22.45 0.146863
3157 30.69 0.103497
16 37.74 0.099338
2853 27.02 0.159424
2810 34.99 0.111499
1982 18.52 0.192294
1712 31.05 0.10955
817 35.66 0.177787
464 34.68 0.160893
1364 28.93 0.178482
3314 20.45 0.094774
43 20.83 0.156267
2439 27.84 0.122571
447 36.75 0.150977
1844 40.93 0.111909
1678 30.89 0.208596
2610 30.31 0.070228
1045 38.18 0.144639
3119 17.5 0.32178
2101 17.54 0.216776
1705 28.34 0.214996
1289 28.23 0.143001
399 51.15 0.170735
2819 31.62 0.355109
2297 35.28 0.105306
1975 36.96 0.10662
1733 27.19 0.203319
2949 26.39 0.162727
2624 32.06 0.175398
3173 26.09 0.156425
1107 35.08 0.16076
2760 45.77 0.101743
735 28.18 0.153674
2702 32.31 0.236914
526 27.5 0.15926
1684 35.24 0.173198
2572 45.32 0.316696
1029 29.87 0.234715
1538 33.64 0.087351
1234 30.28 0.117146
2092 30.7 0.138295
258 43.69 0.196453
959 27.43 0.158212
2729 32.99 0.106446
2484 28.66 0.228509
511 33.98 0.116605
469 44.51 0.248257
1036 36.17 0.087006
1536 30.24 0.065278
479 21.92 0.135346
1396 29.44 0.182288
260 16.35 0.242648
3190 39.62 0.193075
2421 34.26 0.152444
1204 43.48 0.102311
527 39.54 0.184014
2290 11.46 0.3027
2704 27.58 0.206817
3359 29.69 0.223277
2581 40.38 0.109946
3321 22.09 0.176164
3179 38.65 0.097538
1134 18.34 0.136212
1497 27.84 0.150745
2892 45.77 0.12667
3239 33.46 0.123213
2292 30.1 0.124935
1687 45.55 0.091062
629 28.42 0.216577
1990 31.12 0.176178
910 40.44 0.231849
3183 18.66 0.260914
2528 22.94 0.184526
44 33.1 0.192153
9 12.71 0.343122
2824 23.9 0.300734
2280 18.51 0.233704
723 22.44 0.100023
3180 31.65 0.131055
1159 31.68 0.156761
1977 34.5 0.157788
2207 41.22 0.147558
2330 39.72 0.217925
919 32.93 0.109608
97 23.44 0.175949
2367 38.25 0.13833
2963 27.79 0.091033
1531 25.72 0.146299
22 18.85 0.157606
829 29.9 0.123298
401 13.92 0.104374
1184 27.32 0.176365
1404 19.72 0.139936
1314 16.5 0.304351
1308 20.12 0.079214
2237 22.59 0.053356
3388 27.17 0.160441
581 15.99 0.194498
2956 40.68 0.195289
551 29.12 0.116471
2719 30.9 0.049519
1508 29.92 0.115514
132 21.76 0.128636
2177 29.26 0.174861
2701 9.79 0.987739
3262 32.03 0.107854
1659 42.47 0.195732
577 36.6 0.200501
2790 33.15 0.107602
1282 17.04 0.144858
292 33.4 0.134007
1584 16.73 0.285317
1145 17.36 0.154574
1298 20.26 0.278028
2386 25.11 0.172038
1088 24.59 0.165592
3295 25.09 0.15133
2063 27.87 0.192863
1390 36.32 0.107805
1395 16.55 0.320459
1322 34.59 0.15596
1818 46.69 0.131591
2420 31.72 0.156205
2488 26.82 0.072757
736 23.21 0.286586
1010 14.14 0.187708
1296 35.81 0.173234
1764 16.91 0.107757
2860 38.61 0.098353
2405 31.6 0.143326
1944 22.86 0.104205
981 26.45 0.160163
986 36.04 0.132056
2193 23.34 0.107656
2887 39.14 0.107627
1874 17.97 0.239295
351 21.88 0.277895
345 29.17 0.091573
3409 31.97 0.14688
751 28.24 0.150634
1164 21.46 0.129159
1545 16.48 0.135231
1627 23.79 0.112764
2466 17.72 0.243498
1455 17.35 0.15987
1971 27.88 0.124418
945 25.02 0.100148
740 25.99 0.164327
802 25.29 0.094268
137 45.29 0.086724
1679 26.19 0.290835
691 17.9 0.101384
2383 20.62 0.22214
2735 45.88 0.170989
726 42.87 0.177428
1622 33.95 0.233978
1934 17.03 0.171166
1815 22.62 0.216511
2583 15.26 0.16525
1246 22.55 0.0918
2675 47.24 0.103826
536 25.69 0.269283
1928 46.78 0.137748
462 19.23 0.199244
109 16.55 0.249772
89 16.37 0.196937
2552 16.68 0.254135
3065 26.83 0.148417
1351 23.96 0.172426
1158 32.49 0.15307
783 30.45 0.090441
2162 13.44 0.426179
192 33.06 0.337609
1848 23.6 0.133146
1357 33.53 0.117616
969 25.87 0.240422
754 41.69 0.068461
1196 27.35 0.235133
557 21.06 0.072117
977 36.28 0.153413
2765 25.95 0.341641
3368 21.32 0.159718
1941 35.21 0.083905
2288 14.39 0.283134
3353 30.5 0.102999
1102 27.38 0.180601
117 26.88 0.250388
310 34.88 0.161132
1083 16.24 0.089135
1252 36.64 0.119154
3233 34.83 0.104698
912 28.76 0.136765
1192 40.71 0.147818
2358 22.68 0.221657
2852 22.39 0.284197
2638 11.22 0.365423
2520 35.87 0.187707
1191 25.93 0.063362
1662 29.13 0.170799
2556 22.64 0.299
518 23.19 0.134198
648 24.94 0.240337
668 23.15 0.150369
151 30.22 0.138952
466 21.88 0.1514
492 38.4 0.066896
1923 19.91 0.206327
2160 22.15 0.135802
1516 38.76 0.16792
2879 34.12 0.117612
402 20.8 0.087395
707 32.78 0.080549
172 18.28 0.253198
1370 19.96 0.18188
865 28.55 0.156365
2031 29.84 0.149367
1478 20.94 0.20964
2830 23.1 0.166446
3452 34.58 0.112694
2060 30.52 0.093024
976 24.9 0.139182
500 29.94 0.196663
277 20.62 0.173434
1419 28.61 0.206307
2652 22.04 0.226243
1149 50.19 0.143797
855 13.2 0.328732
1562 18.0 0.167366
2282 25.39 0.150131
2156 29.05 0.114708
2394 19.11 0.207507
1100 27.43 0.146426
3268 37.18 0.107294
2427 34.61 0.104401
228 30.78 0.105508
2040 27.9 0.109936
3305 36.12 0.133662
2464 16.5 0.232515
1407 27.99 0.222656
1735 20.35 0.148791
3194 30.75 0.141881
1582 24.09 0.0911
948 27.75 0.179732
831 15.99 0.330988
1152 38.85 0.278871
1331 26.95 0.131949
60 35.78 0.229606
104 26.03 0.200258
2404 24.89 0.198902
298 25.5 0.19107
2960 13.0 0.372264
397 25.6 0.186898
792 22.07 0.163007
879 21.97 0.153845
808 33.69 0.084647
1347 20.67 0.120933
2470 13.24 0.202866
1680 46.69 0.045839
2976 34.12 0.179207
2413 19.62 0.121624
2732 38.12 0.194586
2249 20.85 0.221512
3354 24.02 0.196842
2642 21.3 0.109124
2086 32.91 0.133846
2189 36.87 0.13645
1221 41.84 0.13187
713 33.81 0.108458
2134 30.72 0.123936
681 23.36 0.137063
1201 32.37 0.170508
576 26.9 0.212652
2046 19.22 0.128116
3038 16.82 0.219359
531 29.37 0.095796
2576 28.15 0.147504
3014 44.28 0.182443
569 35.97 0.155166
2251 20.79 0.156567
2870 37.21 0.157148
2075 17.16 0.162694
1689 22.04 0.133724
2408 14.79 0.09788
282 20.85 0.149889
3128 32.49 0.267442
597 34.78 0.139201
742 22.27 0.271585
1900 12.08 0.208281
2401 19.14 0.093588
1337 17.72 0.176818
341 39.44 0.11283
1720 27.23 0.156578
1945 27.67 0.126433
2977 19.41 0.080572
5 14.41 0.125939
2679 31.92 0.115474
2850 32.13 0.109485
516 28.55 0.185788
655 24.73 0.118782
3288 30.26 0.205169
2931 44.96 0.103042
635 37.08 0.217625
568 42.6 0.176543
1640 35.39 0.195843
3033 29.18 0.125831
2894 20.39 0.091638
2423 17.71 0.268473
2957 30.51 0.150582
87 34.14 0.099122
2350 45.7 0.162204
2104 38.99 0.168599
256 22.14 0.240292
514 23.14 0.189546
2417 28.27 0.064099
133 31.21 0.202023
3453 20.47 0.138222
2614 24.67 0.207693
1830 28.76 0.105536
2374 38.55 0.147034
142 29.38 0.180707
1566 16.98 0.118838
1904 25.43 0.139363
1406 31.17 0.154479
58 12.01 0.457433
1745 13.96 0.281381
3370 39.94 0.142572
1019 19.7 0.367786
2839 36.19 0.185045
1819 30.56 0.085327
452 30.87 0.117702
30 22.84 0.113401
2437 33.48 0.179999
1222 25.71 0.169235
2264 19.82 0.175129
1509 30.99 0.150242
2862 31.41 0.141106
622 38.92 0.242473
2930 33.63 0.089853
3186 36.67 0.133026
3241 43.75 0.128667
2321 41.14 0.222406
1665 23.15 0.126347
3150 21.74 0.151723
439 26.65 0.092451
2016 34.57 0.117477
2277 15.7 0.171606
1757 23.65 0.105402
709 19.87 0.204624
849 30.36 0.139454
3395 23.25 0.192365
3427 35.32 0.202233
1959 24.48 0.246907
3216 19.58 0.13267
2841 27.09 0.109378
83 24.07 0.168893
3144 14.98 0.178298
3206 24.87 0.111499
790 10.96 0.500948
819 26.78 0.191944
863 26.87 0.217518
2626 30.26 0.186056
510 26.12 0.124811
3380 22.39 0.209613
818 21.73 0.186954
2519 19.75 0.196872
848 19.7 0.129565
1782 28.68 0.115038
1198 24.24 0.1062
2686 34.63 0.129624
2255 22.38 0.200765
2142 32.5 0.303879
2103 31.16 0.167672
3195 31.33 0.09554
1189 22.01 0.143489
2342 24.84 0.241296
2952 48.45 0.165944
3407 19.31 0.159362
2389 29.5 0.189026
3289 24.51 0.316733
1417 32.87 0.241958
3360 29.19 0.151392
650 40.22 0.084935
1257 21.41 0.278558
1842 25.31 0.125488
2881 18.23 0.255546
1777 29.43 0.150215
1502 29.31 0.108169
96 24.13 0.146997
1438 39.01 0.072601
2273 32.54 0.16688
1011 28.18 0.084855
317 35.98 0.189676
552 16.92 0.170382
2450 40.57 0.127963
229 25.43 0.113566
328 25.32 0.140214
2372 43.68 0.130599
1589 24.05 0.192094
2633 31.17 0.081988
140 28.38 0.294986
156 30.62 0.10697
2734 24.51 0.122253
2754 36.37 0.1719
2643 38.35 0.071018
2316 19.6 0.161996
1303 20.82 0.203862
335 14.34 0.26327
660 27.68 0.126179
704 26.97 0.129986
3299 23.66 0.121138
1899 26.29 0.25723
3455 15.88 0.15924
1301 14.07 0.231475
1188 30.06 0.211131
1120 29.81 0.150661
2088 31.87 0.094556
3193 24.84 0.088426
2179 32.44 0.098255
326 29.12 0.077679
395 35.69 0.154977
3039 21.2 0.139435
2937 34.41 0.091123
448 21.32 0.296471
2149 24.2 0.163994
204 26.75 0.262705
266 22.25 0.185648
344 29.38 0.197616
3089 37.33 0.126361
1065 17.35 0.097817
1614 25.46 0.121858
1594 25.59 0.111418
3327 28.04 0.079485
1320 20.34 0.225951
1485 29.82 0.216792
349 29.16 0.122557
1190 31.11 0.227329
94 11.29 0.386701
624 27.74 0.18901
596 28.88 0.224042
1171 15.48 0.173457
1565 19.2 0.300219
1325 23.72 0.323439
1737 23.43 0.128722
785 39.5 0.159917
2690 23.05 0.190498
2563 17.09 0.123805
1924 12.54 0.24312
643 29.2 0.127025
1781 23.96 0.212178
2209 26.64 0.222804
1070 19.71 0.158774
2534 24.04 0.153393
175 17.08 0.183489
278 37.91 0.143645
2706 20.61 0.125806
3020 24.75 0.122549
15 22.25 0.152396
3140 31.45 0.197081
2387 18.33 0.148032
2225 17.81 0.190791
2191 29.44 0.091952
1408 10.6 0.395966
1205 35.18 0.082437
1639 35.42 0.154134
1466 33.4 0.224023
952 16.58 0.173648
1463 11.72 0.366579
909 28.67 0.227064
716 40.6 0.119245
2670 12.28 0.344004
2229 29.23 0.169754
504 17.74 0.375185
856 39.54 0.148684
1128 28.74 0.1234
2449 26.31 0.326191
715 33.12 0.081039
289 30.99 0.145679
3027 45.66 0.142166
2411 18.33 0.16076
2259 16.57 0.209301
1852 15.25 0.133072
2036 17.94 0.204019
2033 36.93 0.126308
2628 15.0 0.204048
1597 24.29 0.097345
2186 18.14 0.086622
122 32.07 0.195824
1338 30.09 0.142702
443 17.63 0.197369
3184 31.07 0.155449
3352 22.23 0.077864
2665 33.85 0.147388
3152 19.78 0.306333
2674 33.05 0.123851
1571 30.19 0.114876
3410 27.7 0.156543
1723 30.13 0.165591
2365 21.18 0.228035
1422 29.19 0.107156
3211 23.91 0.203517
2035 31.25 0.147106
484 35.13 0.163805
1027 29.31 0.154147
62 12.92 0.332383
593 27.84 0.078485
936 29.95 0.189082
1911 23.17 0.217556
3272 27.04 0.11973
2926 19.74 0.205905
1505 20.99 0.262419
2022 12.61 0.324698
3355 29.67 0.148761
2688 26.27 0.097323
2545 18.68 0.178581
1114 29.46 0.08706
1833 35.8 0.064232
2332 41.26 0.134418
1358 30.49 0.15737
1636 23.02 0.209148
3372 36.48 0.144423
2597 33.05 0.13205
1415 21.84 0.160153
619 35.64 0.094116
2533 28.5 0.123568
1973 28.46 0.143363
3340 29.92 0.233268
1873 23.14 0.165115
925 26.54 0.194838
490 25.08 0.084817
2003 27.37 0.109528
37 22.62 0.199155
2859 20.44 0.235983
862 23.0 0.118373
891 22.07 0.137045
580 17.36 0.158535
1548 24.83 0.086138
2938 21.72 0.262688
1914 31.73 0.128372
2170 11.18 0.590056
259 30.45 0.231243
1663 25.21 0.196823
2058 43.7 0.178653
1985 34.65 0.153833
1816 20.43 0.076317
1804 31.7 0.236245
2685 20.09 0.197956
697 30.24 0.131151
110 34.27 0.130944
2210 28.44 0.196864
797 35.49 0.147665
1169 32.83 0.186272
2053 16.5 0.230786
2455 32.26 0.149581
2430 22.29 0.204008
3438 31.85 0.200284
1623 25.57 0.222385
712 33.08 0.197596
2815 26.84 0.093583
3177 24.15 0.118442
3403 29.83 0.109882
1457 27.65 0.244624
468 25.75 0.200311
3196 15.51 0.17676
1890 27.98 0.17663
1124 29.15 0.117808
908 13.99 0.143239
1286 27.12 0.227584
3041 31.92 0.144859
1183 16.58 0.256364
1727 19.77 0.222694
2474 19.72 0.200933
240 18.8 0.293825
2116 24.98 0.164879
2369 35.84 0.089747
2592 20.67 0.111323
2503 17.0 0.124658
738 34.53 0.113553
2478 16.27 0.225679
2106 40.65 0.083775
987 23.26 0.152323
761 24.47 0.206165
1880 16.25 0.207973
3095 35.2 0.134501
2245 28.0 0.134751
193 34.57 0.171656
360 18.05 0.119449
3414 29.33 0.103847
2925 24.82 0.159284
2656 23.61 0.151193
1217 32.02 0.167349
3252 24.89 0.129846
2021 33.24 0.132955
3142 19.3 0.271835
762 24.66 0.083168
1280 22.33 0.078807
2038 15.94 0.170849
382 22.01 0.168015
2500 31.82 0.136594
2327 25.92 0.17532
2062 35.8 0.183729
1809 24.54 0.148358
1143 31.1 0.222021
600 15.35 0.304382
2076 33.88 0.15784
2547 19.48 0.105155
2521 19.66 0.140205
583 23.98 0.151933
2827 26.55 0.164416
1494 21.55 0.131783
3441 22.23 0.109001
112 17.85 0.150192
2203 26.01 0.164256
3160 22.99 0.195026
2200 18.12 0.275881
1333 23.89 0.131872
2530 27.67 0.101613
2792 18.86 0.230583
2244 31.39 0.149808
2188 25.93 0.242714
2299 22.12 0.180779
621 20.18 0.178029
2629 26.13 0.23229
956 36.19 0.155358
1018 24.83 0.116123
477 26.31 0.208017
2954 14.17 0.340311
2965 38.65 0.10223
602 18.48 0.138363
1738 18.85 0.055269
3371 30.91 0.228027
2296 32.44 0.114419
2709 19.6 0.168917
2135 15.46 0.223838
2613 25.75 0.33482
2079 30.71 0.157931
1262 30.48 0.146343
1870 19.05 0.110072
1179 28.55 0.174688
1980 28.73 0.234734
119 21.44 0.245097
2593 26.69 0.140156
3373 29.04 0.278333
2023 23.61 0.103177
